0 0 50
1 1 49
2 1 49
3 2 48
4 3 47
5 4 46
6 5 45
7 6 44
8 7 43
9 7 43
10 6 44
11 7 43
12 7 43
13 8 42
14 8 42
15 9 41
16 9 41
17 9 41
18 10 40
19 11 39
20 12 38
21 13 37
22 14 36
23 15 35
24 15 35
25 16 34
26 16 34
27 16 34
28 17 33
29 16 34
30 16 34
31 16 34
32 15 35
33 15 35
34 16 34
35 16 34
36 16 34
37 16 34
38 16 34
39 16 34
40 16 34
41 16 34
42 16 34
43 16 34
44 17 33
45 17 33
46 16 34
47 16 34
48 17 33
49 17 33
50 18 32
51 19 31
52 19 31
53 19 31
54 20 30
55 19 31
56 20 30
57 20 30
58 21 29
59 21 29
60 21 29
61 21 29
62 22 28
63 21 29
64 22 28
65 21 29
66 22 28
67 21 29
68 21 29
69 20 30
70 21 29
71 21 29
72 21 29
73 21 29
74 22 28
75 22 28
76 22 28
77 22 28
78 21 29
79 20 30
80 19 31
81 18 32
82 18 32
83 19 31
84 19 31
85 19 31
86 20 30
87 20 30
88 21 29
89 21 29
90 21 29
91 21 29
92 21 29
93 22 28
94 21 29
95 20 30
96 19 31
97 19 31
98 19 31
99 19 31
100 19 31
101 20 30
102 19 31
103 19 31
104 20 30
105 19 31
106 19 31
107 19 31
108 19 31
109 20 30
110 20 30
111 20 30
112 19 31
113 18 32
114 19 31
115 19 31
116 19 31
117 20 30
118 20 30
119 19 31
120 19 31
121 19 31
122 19 31
123 19 31
124 19 31
125 20 30
126 20 30
127 21 29
128 21 29
129 22 28
130 22 28
131 23 27
132 23 27
133 22 28
134 22 28
135 21 29
136 21 29
137 21 29
138 22 28
139 21 29
140 21 29
141 22 28
142 23 27
143 23 27
144 24 26
145 25 25
146 25 25
147 26 24
148 27 23
149 28 22
150 28 22
151 29 21
152 29 21
153 29 21
154 29 21
155 29 21
156 29 21
157 28 22
158 28 22
159 29 21
160 28 22
161 28 22
162 28 22
163 28 22
164 29 21
165 30 20
166 31 19
167 30 20
168 31 19
169 32 18
170 32 18
171 33 17
172 33 17
173 33 17
174 34 16
175 33 17
176 32 18
177 32 18
178 32 18
179 32 18
180 31 19
181 31 19
182 31 19
183 31 19
184 30 20
185 29 21
186 30 20
187 31 19
188 32 18
189 32 18
190 33 17
191 32 18
192 32 18
193 33 17
194 32 18
195 33 17
196 33 17
197 32 18
198 31 19
199 30 20
200 30 20
201 30 20
202 30 20
203 30 20
204 30 20
205 30 20
206 30 20
207 30 20
208 30 20
209 29 21
210 30 20
211 29 21
212 30 20
213 30 20
214 30 20
215 29 21
216 29 21
217 28 22
218 29 21
219 30 20
220 29 21
221 30 20
222 29 21
223 29 21
224 28 22
225 28 22
226 28 22
227 27 23
228 28 22
229 27 23
230 27 23
231 28 22
232 29 21
233 29 21
234 29 21
235 29 21
236 29 21
237 28 22
238 29 21
239 30 20
240 30 20
241 29 21
242 28 22
243 28 22
244 28 22
245 27 23
246 28 22
247 29 21
248 28 22
249 27 23
250 26 24
251 27 23
252 26 24
253 26 24
254 26 24
255 27 23
256 27 23
257 27 23
258 27 23
259 26 24
260 26 24
261 27 23
262 27 23
263 27 23
264 26 24
265 26 24
266 26 24
267 27 23
268 27 23
269 27 23
270 27 23
271 27 23
272 26 24
273 27 23
274 27 23
275 28 22
276 29 21
277 29 21
278 29 21
279 28 22
280 27 23
281 27 23
282 26 24
283 26 24
284 27 23
285 28 22
286 27 23
287 26 24
288 27 23
289 27 23
290 28 22
291 28 22
292 28 22
293 27 23
294 26 24
295 26 24
296 27 23
297 27 23
298 27 23
299 28 22
300 28 22
301 28 22
302 27 23
303 26 24
304 26 24
305 26 24
306 25 25
307 26 24
308 25 25
309 25 25
310 24 26
311 24 26
312 23 27
313 23 27
314 22 28
315 22 28
316 22 28
317 23 27
318 24 26
319 25 25
320 26 24
321 26 24
322 26 24
323 25 25
324 26 24
325 27 23
326 27 23
327 27 23
328 26 24
329 27 23
330 26 24
331 26 24
332 27 23
333 27 23
334 28 22
335 29 21
336 29 21
337 29 21
338 28 22
339 29 21
340 29 21
341 30 20
342 30 20
343 30 20
344 30 20
345 30 20
346 30 20
347 30 20
348 30 20
349 30 20
350 31 19
351 31 19
352 30 20
353 31 19
354 31 19
355 31 19
356 31 19
357 31 19
358 31 19
359 31 19
360 31 19
361 31 19
362 30 20
363 30 20
364 29 21
365 29 21
366 29 21
367 29 21
368 28 22
369 28 22
370 29 21
371 29 21
372 29 21
373 29 21
374 29 21
375 30 20
376 30 20
377 31 19
378 31 19
379 31 19
380 31 19
381 30 20
382 31 19
383 31 19
384 31 19
385 30 20
386 30 20
387 29 21
388 29 21
389 29 21
390 29 21
391 29 21
392 29 21
393 29 21
394 28 22
395 28 22
396 27 23
397 27 23
398 27 23
399 26 24
400 25 25
401 25 25
402 26 24
403 26 24
404 25 25
405 26 24
406 27 23
407 27 23
408 26 24
409 26 24
410 26 24
411 26 24
412 25 25
413 25 25
414 25 25
415 25 25
416 26 24
417 27 23
418 27 23
419 28 22
420 28 22
421 28 22
422 29 21
423 29 21
424 29 21
425 29 21
426 29 21
427 29 21
428 29 21
429 29 21
430 29 21
431 28 22
432 28 22
433 28 22
434 28 22
435 29 21
436 29 21
437 28 22
438 28 22
439 27 23
440 28 22
441 27 23
442 28 22
443 27 23
444 26 24
445 26 24
446 26 24
447 26 24
448 27 23
449 27 23
450 27 23
451 28 22
452 27 23
453 28 22
454 27 23
455 27 23
456 26 24
457 27 23
458 28 22
459 28 22
460 29 21
461 28 22
462 29 21
463 29 21
464 29 21
465 30 20
466 30 20
467 29 21
468 28 22
469 29 21
470 28 22
471 27 23
472 27 23
473 27 23
474 26 24
475 25 25
476 25 25
477 26 24
478 26 24
479 27 23
480 26 24
481 26 24
482 25 25
483 24 26
484 24 26
485 24 26
486 24 26
487 24 26
488 23 27
489 22 28
490 22 28
491 22 28
492 23 27
493 23 27
494 23 27
495 23 27
496 23 27
497 24 26
498 24 26
499 24 26
500 25 25
