0 0 50
1 0 50
2 0 50
3 0 50
4 1 49
5 0 50
6 0 50
7 0 50
8 0 50
9 0 50
10 0 50
11 1 49
12 2 48
13 3 47
14 4 46
15 5 45
16 6 44
17 7 43
18 8 42
19 9 41
20 8 42
21 8 42
22 9 41
23 10 40
24 11 39
25 12 38
26 11 39
27 12 38
28 13 37
29 14 36
30 13 37
31 14 36
32 15 35
33 16 34
34 16 34
35 15 35
36 16 34
37 17 33
38 16 34
39 17 33
40 18 32
41 17 33
42 18 32
43 19 31
44 20 30
45 19 31
46 19 31
47 18 32
48 19 31
49 20 30
50 19 31
51 18 32
52 18 32
53 19 31
54 20 30
55 21 29
56 22 28
57 22 28
58 22 28
59 23 27
60 24 26
61 25 25
62 24 26
63 24 26
64 23 27
65 24 26
66 25 25
67 26 24
68 25 25
69 26 24
70 26 24
71 25 25
72 24 26
73 24 26
74 23 27
75 22 28
76 21 29
77 22 28
78 21 29
79 22 28
80 23 27
81 23 27
82 22 28
83 22 28
84 21 29
85 20 30
86 20 30
87 21 29
88 20 30
89 19 31
90 19 31
91 20 30
92 20 30
93 21 29
94 22 28
95 21 29
96 22 28
97 23 27
98 24 26
99 25 25
100 24 26
