0 0 50
1 1 49
2 2 48
3 2 48
4 3 47
5 4 46
6 4 46
7 4 46
8 5 45
9 6 44
10 7 43
11 7 43
12 7 43
13 7 43
14 8 42
15 8 42
16 9 41
17 10 40
18 11 39
19 12 38
20 13 37
21 13 37
22 12 38
23 12 38
24 11 39
25 11 39
26 12 38
27 12 38
28 12 38
29 11 39
30 11 39
31 11 39
32 12 38
33 13 37
34 14 36
35 15 35
36 14 36
37 15 35
38 16 34
39 15 35
40 16 34
41 16 34
42 17 33
43 17 33
44 16 34
45 16 34
46 17 33
47 17 33
48 18 32
49 18 32
50 18 32
51 18 32
52 18 32
53 18 32
54 18 32
55 17 33
56 16 34
57 16 34
58 15 35
59 14 36
60 15 35
61 16 34
62 16 34
63 16 34
64 16 34
65 16 34
66 17 33
67 16 34
68 16 34
69 16 34
70 17 33
71 17 33
72 17 33
73 18 32
74 17 33
75 17 33
76 18 32
77 17 33
78 18 32
79 19 31
80 19 31
81 19 31
82 19 31
83 19 31
84 19 31
85 19 31
86 19 31
87 20 30
88 20 30
89 19 31
90 20 30
91 20 30
92 21 29
93 21 29
94 22 28
95 23 27
96 23 27
97 23 27
98 22 28
99 22 28
100 23 27
101 24 26
102 24 26
103 23 27
104 22 28
105 23 27
106 23 27
107 24 26
108 24 26
109 24 26
110 23 27
111 22 28
112 22 28
113 22 28
114 23 27
115 24 26
116 23 27
117 24 26
118 24 26
119 24 26
120 25 25
121 26 24
122 26 24
123 26 24
124 26 24
125 25 25
126 25 25
127 25 25
128 25 25
129 26 24
130 25 25
131 24 26
132 25 25
133 25 25
134 26 24
135 25 25
136 25 25
137 25 25
138 25 25
139 25 25
140 26 24
141 27 23
142 26 24
143 27 23
144 27 23
145 27 23
146 27 23
147 27 23
148 27 23
149 28 22
150 29 21
151 29 21
152 30 20
153 30 20
154 30 20
155 30 20
156 29 21
157 28 22
158 27 23
159 27 23
160 27 23
161 27 23
162 27 23
163 27 23
164 27 23
165 26 24
166 26 24
167 27 23
168 26 24
169 26 24
170 27 23
171 27 23
172 27 23
173 28 22
174 28 22
175 29 21
176 28 22
177 27 23
178 27 23
179 27 23
180 26 24
181 27 23
182 28 22
183 29 21
184 28 22
185 28 22
186 28 22
187 27 23
188 26 24
189 25 25
190 24 26
191 24 26
192 25 25
193 25 25
194 26 24
195 26 24
196 25 25
197 25 25
198 26 24
199 27 23
200 28 22
201 28 22
202 27 23
203 28 22
204 27 23
205 26 24
206 27 23
207 27 23
208 28 22
209 27 23
210 27 23
211 27 23
212 28 22
213 27 23
214 26 24
215 26 24
216 26 24
217 26 24
218 25 25
219 25 25
220 25 25
221 25 25
222 25 25
223 25 25
224 25 25
225 24 26
226 23 27
227 22 28
228 22 28
229 23 27
230 24 26
231 23 27
232 23 27
233 23 27
234 24 26
235 24 26
236 24 26
237 24 26
238 25 25
239 24 26
240 23 27
241 23 27
242 23 27
243 23 27
244 23 27
245 23 27
246 23 27
247 23 27
248 24 26
249 23 27
250 24 26
251 24 26
252 24 26
253 24 26
254 25 25
255 25 25
256 25 25
257 24 26
258 24 26
259 24 26
260 23 27
261 23 27
262 22 28
263 22 28
264 22 28
265 22 28
266 22 28
267 23 27
268 22 28
269 23 27
270 23 27
271 22 28
272 23 27
273 24 26
274 24 26
275 23 27
276 23 27
277 24 26
278 24 26
279 23 27
280 23 27
281 24 26
282 24 26
283 24 26
284 23 27
285 23 27
286 24 26
287 25 25
288 25 25
289 25 25
290 24 26
291 24 26
292 25 25
293 25 25
294 25 25
295 26 24
296 26 24
297 27 23
298 27 23
299 28 22
300 27 23
301 27 23
302 27 23
303 26 24
304 27 23
305 26 24
306 26 24
307 26 24
308 26 24
309 26 24
310 27 23
311 27 23
312 28 22
313 28 22
314 28 22
315 27 23
316 28 22
317 27 23
318 27 23
319 27 23
320 28 22
321 28 22
322 28 22
323 28 22
324 28 22
325 28 22
326 28 22
327 28 22
328 28 22
329 29 21
330 30 20
331 29 21
332 28 22
333 28 22
334 29 21
335 28 22
336 27 23
337 27 23
338 27 23
339 27 23
340 28 22
341 28 22
342 28 22
343 29 21
344 28 22
345 27 23
346 27 23
347 28 22
348 29 21
349 29 21
350 28 22
351 27 23
352 27 23
353 28 22
354 27 23
355 27 23
356 26 24
357 27 23
358 27 23
359 26 24
360 27 23
361 28 22
362 27 23
363 28 22
364 29 21
365 29 21
366 28 22
367 28 22
368 28 22
369 29 21
370 30 20
371 30 20
372 29 21
373 30 20
374 30 20
375 30 20
376 29 21
377 30 20
378 29 21
379 29 21
380 28 22
381 29 21
382 29 21
383 30 20
384 30 20
385 30 20
386 30 20
387 29 21
388 29 21
389 28 22
390 29 21
391 28 22
392 27 23
393 28 22
394 27 23
395 26 24
396 27 23
397 27 23
398 27 23
399 28 22
400 27 23
401 27 23
402 26 24
403 25 25
404 25 25
405 26 24
406 27 23
407 28 22
408 28 22
409 27 23
410 27 23
411 26 24
412 26 24
413 26 24
414 26 24
415 26 24
416 27 23
417 26 24
418 26 24
419 26 24
420 26 24
421 26 24
422 26 24
423 26 24
424 27 23
425 27 23
426 27 23
427 27 23
428 27 23
429 27 23
430 26 24
431 26 24
432 25 25
433 24 26
434 25 25
435 26 24
436 27 23
437 26 24
438 27 23
439 26 24
440 25 25
441 25 25
442 26 24
443 27 23
444 27 23
445 26 24
446 26 24
447 27 23
448 27 23
449 28 22
450 29 21
451 30 20
452 29 21
453 30 20
454 30 20
455 30 20
456 30 20
457 31 19
458 31 19
459 30 20
460 30 20
461 31 19
462 31 19
463 32 18
464 32 18
465 32 18
466 32 18
467 32 18
468 32 18
469 32 18
470 32 18
471 32 18
472 31 19
473 32 18
474 32 18
475 32 18
476 32 18
477 32 18
478 32 18
479 33 17
480 32 18
481 32 18
482 31 19
483 32 18
484 33 17
485 32 18
486 31 19
487 31 19
488 30 20
489 29 21
490 29 21
491 29 21
492 28 22
493 28 22
494 28 22
495 29 21
496 29 21
497 29 21
498 30 20
499 29 21
500 30 20
501 30 20
502 31 19
503 30 20
504 30 20
505 30 20
506 30 20
507 31 19
508 32 18
509 31 19
510 32 18
511 32 18
512 31 19
513 31 19
514 31 19
515 31 19
516 32 18
517 33 17
518 33 17
519 32 18
520 32 18
521 32 18
522 32 18
523 32 18
524 33 17
525 32 18
526 32 18
527 32 18
528 33 17
529 33 17
530 32 18
531 31 19
532 31 19
533 31 19
534 31 19
535 31 19
536 32 18
537 33 17
538 32 18
539 32 18
540 33 17
541 34 16
542 33 17
543 32 18
544 31 19
545 31 19
546 31 19
547 31 19
548 30 20
549 30 20
550 29 21
551 30 20
552 29 21
553 30 20
554 29 21
555 29 21
556 28 22
557 28 22
558 28 22
559 28 22
560 27 23
561 28 22
562 28 22
563 28 22
564 28 22
565 28 22
566 27 23
567 27 23
568 27 23
569 26 24
570 26 24
571 25 25
572 26 24
573 26 24
574 26 24
575 26 24
576 26 24
577 26 24
578 26 24
579 27 23
580 28 22
581 29 21
582 30 20
583 29 21
584 29 21
585 29 21
586 30 20
587 31 19
588 32 18
589 32 18
590 32 18
591 33 17
592 33 17
593 33 17
594 34 16
595 34 16
596 33 17
597 33 17
598 34 16
599 35 15
600 34 16
601 34 16
602 34 16
603 34 16
604 33 17
605 33 17
606 32 18
607 32 18
608 32 18
609 33 17
610 33 17
611 34 16
612 33 17
613 32 18
614 32 18
615 31 19
616 31 19
617 31 19
618 30 20
619 30 20
620 30 20
621 30 20
622 29 21
623 28 22
624 28 22
625 28 22
626 28 22
627 27 23
628 27 23
629 27 23
630 28 22
631 28 22
632 27 23
633 26 24
634 27 23
635 26 24
636 25 25
637 26 24
638 26 24
639 27 23
640 28 22
641 28 22
642 29 21
643 28 22
644 27 23
645 27 23
646 27 23
647 26 24
648 27 23
649 26 24
650 27 23
651 28 22
652 27 23
653 27 23
654 28 22
655 28 22
656 28 22
657 28 22
658 28 22
659 27 23
660 27 23
661 26 24
662 25 25
663 25 25
664 26 24
665 27 23
666 26 24
667 27 23
668 27 23
669 27 23
670 27 23
671 27 23
672 28 22
673 29 21
674 30 20
675 29 21
676 28 22
677 29 21
678 29 21
679 29 21
680 29 21
681 29 21
682 29 21
683 28 22
684 27 23
685 26 24
686 27 23
687 26 24
688 27 23
689 28 22
690 29 21
691 29 21
692 30 20
693 31 19
694 31 19
695 30 20
696 30 20
697 31 19
698 31 19
699 30 20
700 30 20
701 29 21
702 30 20
703 30 20
704 31 19
705 30 20
706 29 21
707 28 22
708 28 22
709 27 23
710 28 22
711 28 22
712 27 23
713 26 24
714 27 23
715 26 24
716 25 25
717 24 26
718 24 26
719 24 26
720 25 25
721 25 25
722 26 24
723 27 23
724 27 23
725 27 23
726 26 24
727 26 24
728 26 24
729 26 24
730 26 24
731 27 23
732 26 24
733 26 24
734 25 25
735 26 24
736 26 24
737 25 25
738 24 26
739 24 26
740 24 26
741 25 25
742 25 25
743 24 26
744 23 27
745 24 26
746 25 25
747 26 24
748 26 24
749 25 25
750 24 26
751 25 25
752 25 25
753 25 25
754 24 26
755 25 25
756 25 25
757 26 24
758 25 25
759 25 25
760 25 25
761 25 25
762 25 25
763 24 26
764 24 26
765 23 27
766 23 27
767 23 27
768 24 26
769 24 26
770 24 26
771 24 26
772 24 26
773 23 27
774 23 27
775 24 26
776 24 26
777 25 25
778 25 25
779 26 24
780 26 24
781 27 23
782 27 23
783 27 23
784 28 22
785 29 21
786 29 21
787 30 20
788 29 21
789 30 20
790 30 20
791 31 19
792 31 19
793 31 19
794 31 19
795 31 19
796 30 20
797 29 21
798 29 21
799 29 21
800 30 20
801 30 20
802 31 19
803 31 19
804 31 19
805 31 19
806 31 19
807 30 20
808 30 20
809 30 20
810 29 21
811 29 21
812 29 21
813 29 21
814 30 20
815 30 20
816 30 20
817 30 20
818 30 20
819 30 20
820 30 20
821 31 19
822 31 19
823 31 19
824 31 19
825 30 20
826 30 20
827 29 21
828 30 20
829 31 19
830 32 18
831 31 19
832 31 19
833 31 19
834 30 20
835 30 20
836 31 19
837 32 18
838 32 18
839 32 18
840 32 18
841 33 17
842 32 18
843 32 18
844 32 18
845 32 18
846 33 17
847 33 17
848 32 18
849 32 18
850 33 17
851 33 17
852 32 18
853 32 18
854 32 18
855 31 19
856 30 20
857 31 19
858 31 19
859 31 19
860 31 19
861 31 19
862 31 19
863 30 20
864 29 21
865 30 20
866 29 21
867 30 20
868 30 20
869 29 21
870 30 20
871 29 21
872 29 21
873 30 20
874 29 21
875 28 22
876 28 22
877 28 22
878 28 22
879 28 22
880 28 22
881 28 22
882 28 22
883 29 21
884 28 22
885 29 21
886 28 22
887 27 23
888 26 24
889 25 25
890 24 26
891 24 26
892 25 25
893 25 25
894 25 25
895 26 24
896 26 24
897 26 24
898 26 24
899 25 25
900 24 26
901 25 25
902 25 25
903 24 26
904 23 27
905 23 27
906 24 26
907 23 27
908 24 26
909 24 26
910 23 27
911 22 28
912 23 27
913 24 26
914 25 25
915 24 26
916 25 25
917 24 26
918 24 26
919 23 27
920 22 28
921 23 27
922 24 26
923 24 26
924 25 25
925 25 25
926 26 24
927 27 23
928 27 23
929 28 22
930 27 23
931 27 23
932 26 24
933 26 24
934 26 24
935 25 25
936 24 26
937 24 26
938 25 25
939 25 25
940 25 25
941 24 26
942 25 25
943 25 25
944 25 25
945 25 25
946 25 25
947 25 25
948 26 24
949 26 24
950 25 25
951 24 26
952 23 27
953 24 26
954 24 26
955 25 25
956 24 26
957 24 26
958 25 25
959 25 25
960 25 25
961 26 24
962 26 24
963 27 23
964 27 23
965 28 22
966 28 22
967 29 21
968 28 22
969 29 21
970 29 21
971 29 21
972 30 20
973 30 20
974 30 20
975 29 21
976 28 22
977 27 23
978 27 23
979 27 23
980 27 23
981 27 23
982 27 23
983 28 22
984 29 21
985 29 21
986 29 21
987 28 22
988 28 22
989 27 23
990 26 24
991 27 23
992 27 23
993 28 22
994 28 22
995 29 21
996 29 21
997 30 20
998 30 20
999 29 21
1000 30 20
