0 0 50
1 1 49
2 1 49
3 2 48
4 2 48
5 2 48
6 2 48
7 2 48
8 2 48
9 1 49
10 1 49
11 1 49
12 2 48
13 3 47
14 3 47
15 3 47
16 4 46
17 5 45
18 5 45
19 5 45
20 4 46
21 4 46
22 5 45
23 5 45
24 5 45
25 6 44
26 7 43
27 8 42
28 9 41
29 9 41
30 10 40
31 11 39
32 12 38
33 13 37
34 13 37
35 14 36
36 13 37
37 14 36
38 14 36
39 13 37
40 12 38
41 12 38
42 12 38
43 13 37
44 13 37
45 13 37
46 14 36
47 15 35
48 16 34
49 17 33
50 18 32
51 18 32
52 18 32
53 17 33
54 17 33
55 18 32
56 18 32
57 17 33
58 17 33
59 17 33
60 18 32
61 19 31
62 19 31
63 19 31
64 20 30
65 20 30
66 20 30
67 21 29
68 21 29
69 21 29
70 20 30
71 20 30
72 20 30
73 21 29
74 21 29
75 21 29
76 22 28
77 22 28
78 23 27
79 23 27
80 24 26
81 25 25
82 25 25
83 25 25
84 25 25
85 26 24
86 26 24
87 25 25
88 25 25
89 26 24
90 27 23
91 27 23
92 28 22
93 27 23
94 28 22
95 28 22
96 28 22
97 29 21
98 29 21
99 30 20
100 30 20
