0 0 50
1 1 49
2 2 48
3 3 47
4 4 46
5 5 45
6 6 44
7 7 43
8 6 44
9 6 44
10 7 43
11 6 44
12 7 43
13 8 42
14 8 42
15 9 41
16 9 41
17 8 42
18 8 42
19 9 41
20 10 40
21 10 40
22 9 41
23 10 40
24 11 39
25 12 38
26 12 38
27 12 38
28 12 38
29 12 38
30 13 37
31 13 37
32 12 38
33 12 38
34 13 37
35 14 36
36 13 37
37 14 36
38 15 35
39 16 34
40 17 33
41 17 33
42 18 32
43 18 32
44 19 31
45 19 31
46 20 30
47 21 29
48 20 30
49 19 31
50 20 30
51 19 31
52 20 30
53 21 29
54 22 28
55 23 27
56 24 26
57 23 27
58 23 27
59 23 27
60 22 28
61 22 28
62 23 27
63 24 26
64 23 27
65 24 26
66 23 27
67 22 28
68 22 28
69 21 29
70 21 29
71 21 29
72 22 28
73 21 29
74 21 29
75 20 30
76 20 30
77 19 31
78 20 30
79 20 30
80 21 29
81 22 28
82 23 27
83 24 26
84 23 27
85 24 26
86 23 27
87 24 26
88 24 26
89 25 25
90 25 25
91 26 24
92 25 25
93 26 24
94 27 23
95 26 24
96 25 25
97 26 24
98 27 23
99 28 22
100 28 22
101 29 21
102 30 20
103 31 19
104 30 20
105 31 19
106 30 20
107 31 19
108 32 18
109 31 19
110 31 19
111 30 20
112 31 19
113 30 20
114 29 21
115 28 22
116 27 23
117 28 22
118 27 23
119 28 22
120 27 23
121 27 23
122 26 24
123 27 23
124 27 23
125 26 24
126 27 23
127 26 24
128 25 25
129 24 26
130 24 26
131 25 25
132 25 25
133 26 24
134 25 25
135 26 24
136 27 23
137 27 23
138 27 23
139 27 23
140 27 23
141 28 22
142 27 23
143 26 24
144 27 23
145 26 24
146 27 23
147 26 24
148 25 25
149 25 25
150 26 24
151 27 23
152 26 24
153 26 24
154 27 23
155 26 24
156 27 23
157 28 22
158 29 21
159 28 22
160 27 23
161 27 23
162 26 24
163 26 24
164 25 25
165 24 26
166 25 25
167 26 24
168 25 25
169 25 25
170 24 26
171 25 25
172 25 25
173 26 24
174 26 24
175 26 24
176 25 25
177 24 26
178 24 26
179 23 27
180 23 27
181 23 27
182 22 28
183 21 29
184 20 30
185 21 29
186 20 30
187 21 29
188 22 28
189 23 27
190 24 26
191 23 27
192 22 28
193 21 29
194 22 28
195 23 27
196 24 26
197 23 27
198 22 28
199 21 29
200 22 28
201 23 27
202 24 26
203 23 27
204 24 26
205 23 27
206 23 27
207 23 27
208 24 26
209 25 25
210 24 26
211 23 27
212 24 26
213 23 27
214 24 26
215 24 26
216 25 25
217 24 26
218 23 27
219 24 26
220 25 25
221 26 24
222 25 25
223 26 24
224 25 25
225 24 26
226 23 27
227 24 26
228 25 25
229 26 24
230 25 25
231 24 26
232 23 27
233 24 26
234 25 25
235 24 26
236 24 26
237 23 27
238 24 26
239 25 25
240 24 26
241 23 27
242 22 28
243 23 27
244 24 26
245 23 27
246 23 27
247 24 26
248 25 25
249 26 24
250 27 23
251 27 23
252 28 22
253 28 22
254 29 21
255 29 21
256 28 22
257 29 21
258 30 20
259 29 21
260 28 22
261 28 22
262 29 21
263 29 21
264 28 22
265 29 21
266 29 21
267 29 21
268 29 21
269 28 22
270 27 23
271 26 24
272 27 23
273 26 24
274 27 23
275 26 24
276 25 25
277 24 26
278 23 27
279 22 28
280 23 27
281 23 27
282 24 26
283 25 25
284 26 24
285 26 24
286 26 24
287 25 25
288 25 25
289 24 26
290 23 27
291 24 26
292 24 26
293 23 27
294 22 28
295 22 28
296 23 27
297 24 26
298 25 25
299 25 25
300 26 24
301 26 24
302 25 25
303 26 24
304 25 25
305 26 24
306 26 24
307 27 23
308 28 22
309 27 23
310 26 24
311 25 25
312 26 24
313 26 24
314 26 24
315 25 25
316 26 24
317 26 24
318 27 23
319 28 22
320 27 23
321 26 24
322 26 24
323 25 25
324 26 24
325 27 23
326 27 23
327 26 24
328 27 23
329 26 24
330 27 23
331 26 24
332 27 23
333 28 22
334 27 23
335 27 23
336 28 22
337 28 22
338 28 22
339 29 21
340 28 22
341 27 23
342 26 24
343 25 25
344 26 24
345 27 23
346 28 22
347 28 22
348 28 22
349 29 21
350 30 20
351 29 21
352 29 21
353 30 20
354 31 19
355 30 20
356 31 19
357 31 19
358 31 19
359 30 20
360 31 19
361 32 18
362 32 18
363 31 19
364 31 19
365 30 20
366 31 19
367 30 20
368 29 21
369 28 22
370 27 23
371 26 24
372 25 25
373 26 24
374 25 25
375 26 24
376 25 25
377 24 26
378 24 26
379 23 27
380 24 26
381 25 25
382 26 24
383 25 25
384 25 25
385 24 26
386 25 25
387 24 26
388 25 25
389 26 24
390 25 25
391 26 24
392 25 25
393 24 26
394 24 26
395 23 27
396 22 28
397 21 29
398 22 28
399 22 28
400 22 28
401 22 28
402 21 29
403 22 28
404 21 29
405 20 30
406 19 31
407 19 31
408 20 30
409 21 29
410 20 30
411 19 31
412 20 30
413 21 29
414 21 29
415 21 29
416 21 29
417 22 28
418 23 27
419 23 27
420 24 26
421 25 25
422 26 24
423 26 24
424 27 23
425 26 24
426 25 25
427 25 25
428 24 26
429 24 26
430 24 26
431 24 26
432 24 26
433 25 25
434 25 25
435 24 26
436 23 27
437 22 28
438 21 29
439 22 28
440 21 29
441 21 29
442 20 30
443 21 29
444 20 30
445 21 29
446 21 29
447 20 30
448 21 29
449 22 28
450 23 27
451 22 28
452 22 28
453 23 27
454 24 26
455 23 27
456 24 26
457 25 25
458 24 26
459 24 26
460 23 27
461 23 27
462 24 26
463 23 27
464 23 27
465 22 28
466 21 29
467 22 28
468 22 28
469 22 28
470 22 28
471 22 28
472 23 27
473 23 27
474 22 28
475 23 27
476 22 28
477 22 28
478 21 29
479 21 29
480 20 30
481 21 29
482 20 30
483 19 31
484 19 31
485 20 30
486 19 31
487 19 31
488 18 32
489 19 31
490 20 30
491 21 29
492 22 28
493 21 29
494 22 28
495 22 28
496 23 27
497 24 26
498 23 27
499 22 28
500 21 29
501 20 30
502 21 29
503 22 28
504 22 28
505 21 29
506 21 29
507 20 30
508 19 31
509 18 32
510 18 32
511 19 31
512 20 30
513 21 29
514 22 28
515 22 28
516 21 29
517 20 30
518 21 29
519 22 28
520 23 27
521 23 27
522 22 28
523 21 29
524 22 28
525 23 27
526 23 27
527 24 26
528 23 27
529 24 26
530 23 27
531 24 26
532 23 27
533 24 26
534 25 25
535 26 24
536 26 24
537 25 25
538 26 24
539 27 23
540 28 22
541 27 23
542 28 22
543 29 21
544 30 20
545 31 19
546 32 18
547 33 17
548 33 17
549 33 17
550 33 17
551 34 16
552 33 17
553 33 17
554 34 16
555 33 17
556 32 18
557 32 18
558 31 19
559 32 18
560 32 18
561 31 19
562 31 19
563 30 20
564 29 21
565 28 22
566 28 22
567 29 21
568 30 20
569 31 19
570 32 18
571 33 17
572 32 18
573 31 19
574 30 20
575 30 20
576 29 21
577 28 22
578 29 21
579 28 22
580 29 21
581 30 20
582 31 19
583 30 20
584 30 20
585 29 21
586 28 22
587 27 23
588 28 22
589 27 23
590 26 24
591 25 25
592 24 26
593 23 27
594 24 26
595 24 26
596 25 25
597 24 26
598 24 26
599 25 25
600 26 24
601 25 25
602 26 24
603 27 23
604 26 24
605 25 25
606 26 24
607 25 25
608 24 26
609 23 27
610 22 28
611 23 27
612 23 27
613 24 26
614 25 25
615 24 26
616 25 25
617 26 24
618 26 24
619 27 23
620 28 22
621 27 23
622 28 22
623 29 21
624 29 21
625 28 22
626 28 22
627 28 22
628 28 22
629 27 23
630 28 22
631 29 21
632 28 22
633 29 21
634 30 20
635 29 21
636 28 22
637 28 22
638 27 23
639 28 22
640 28 22
641 27 23
642 28 22
643 28 22
644 27 23
645 26 24
646 27 23
647 26 24
648 25 25
649 26 24
650 25 25
651 24 26
652 25 25
653 24 26
654 23 27
655 24 26
656 24 26
657 23 27
658 24 26
659 25 25
660 24 26
661 23 27
662 23 27
663 23 27
664 24 26
665 23 27
666 24 26
667 25 25
668 25 25
669 26 24
670 25 25
671 24 26
672 23 27
673 22 28
674 23 27
675 24 26
676 24 26
677 25 25
678 24 26
679 23 27
680 22 28
681 21 29
682 20 30
683 19 31
684 20 30
685 19 31
686 20 30
687 20 30
688 21 29
689 20 30
690 21 29
691 22 28
692 23 27
693 22 28
694 21 29
695 21 29
696 22 28
697 22 28
698 23 27
699 24 26
700 24 26
701 25 25
702 25 25
703 26 24
704 25 25
705 24 26
706 25 25
707 25 25
708 25 25
709 26 24
710 25 25
711 24 26
712 24 26
713 25 25
714 25 25
715 25 25
716 26 24
717 25 25
718 26 24
719 26 24
720 26 24
721 26 24
722 25 25
723 24 26
724 23 27
725 22 28
726 21 29
727 20 30
728 19 31
729 18 32
730 19 31
731 20 30
732 21 29
733 21 29
734 22 28
735 23 27
736 24 26
737 25 25
738 25 25
739 25 25
740 25 25
741 24 26
742 23 27
743 23 27
744 24 26
745 23 27
746 22 28
747 21 29
748 22 28
749 21 29
750 21 29
751 20 30
752 19 31
753 18 32
754 19 31
755 20 30
756 19 31
757 19 31
758 20 30
759 21 29
760 22 28
761 22 28
762 21 29
763 22 28
764 22 28
765 23 27
766 22 28
767 23 27
768 23 27
769 23 27
770 24 26
771 23 27
772 23 27
773 24 26
774 25 25
775 24 26
776 25 25
777 26 24
778 27 23
779 28 22
780 28 22
781 27 23
782 26 24
783 25 25
784 24 26
785 24 26
786 25 25
787 26 24
788 27 23
789 26 24
790 27 23
791 26 24
792 27 23
793 26 24
794 25 25
795 24 26
796 24 26
797 25 25
798 24 26
799 23 27
800 24 26
801 23 27
802 24 26
803 25 25
804 26 24
805 26 24
806 27 23
807 26 24
808 26 24
809 26 24
810 25 25
811 26 24
812 26 24
813 27 23
814 26 24
815 27 23
816 26 24
817 27 23
818 27 23
819 26 24
820 27 23
821 26 24
822 27 23
823 28 22
824 28 22
825 27 23
826 27 23
827 26 24
828 27 23
829 26 24
830 25 25
831 25 25
832 26 24
833 25 25
834 24 26
835 25 25
836 26 24
837 26 24
838 25 25
839 24 26
840 24 26
841 25 25
842 26 24
843 27 23
844 26 24
845 26 24
846 25 25
847 26 24
848 25 25
849 26 24
850 27 23
851 28 22
852 27 23
853 27 23
854 26 24
855 27 23
856 28 22
857 27 23
858 27 23
859 26 24
860 25 25
861 26 24
862 27 23
863 26 24
864 26 24
865 25 25
866 26 24
867 27 23
868 28 22
869 29 21
870 30 20
871 30 20
872 29 21
873 28 22
874 28 22
875 27 23
876 28 22
877 28 22
878 27 23
879 26 24
880 27 23
881 28 22
882 27 23
883 27 23
884 28 22
885 28 22
886 28 22
887 27 23
888 26 24
889 25 25
890 25 25
891 25 25
892 26 24
893 25 25
894 26 24
895 27 23
896 26 24
897 26 24
898 27 23
899 28 22
900 27 23
901 28 22
902 27 23
903 28 22
904 27 23
905 27 23
906 28 22
907 27 23
908 27 23
909 26 24
910 25 25
911 24 26
912 23 27
913 22 28
914 21 29
915 20 30
916 19 31
917 18 32
918 19 31
919 20 30
920 20 30
921 19 31
922 19 31
923 19 31
924 18 32
925 19 31
926 18 32
927 18 32
928 19 31
929 18 32
930 17 33
931 18 32
932 19 31
933 19 31
934 18 32
935 18 32
936 19 31
937 20 30
938 21 29
939 20 30
940 21 29
941 20 30
942 21 29
943 20 30
944 19 31
945 18 32
946 18 32
947 19 31
948 20 30
949 19 31
950 19 31
951 20 30
952 21 29
953 21 29
954 21 29
955 22 28
956 21 29
957 22 28
958 23 27
959 23 27
960 24 26
961 24 26
962 23 27
963 22 28
964 21 29
965 22 28
966 23 27
967 23 27
968 22 28
969 23 27
970 22 28
971 22 28
972 21 29
973 21 29
974 20 30
975 20 30
976 20 30
977 19 31
978 20 30
979 21 29
980 22 28
981 22 28
982 23 27
983 24 26
984 23 27
985 22 28
986 23 27
987 22 28
988 23 27
989 22 28
990 23 27
991 22 28
992 22 28
993 22 28
994 21 29
995 22 28
996 21 29
997 22 28
998 23 27
999 23 27
1000 22 28
