0 0 50
1 1 49
2 2 48
3 2 48
4 3 47
5 4 46
6 4 46
7 5 45
8 6 44
9 7 43
10 7 43
11 8 42
12 9 41
13 10 40
14 10 40
15 10 40
16 11 39
17 12 38
18 13 37
19 14 36
20 14 36
21 13 37
22 14 36
23 15 35
24 14 36
25 15 35
26 14 36
27 15 35
28 16 34
29 17 33
30 18 32
31 19 31
32 19 31
33 20 30
34 21 29
35 20 30
36 21 29
37 22 28
38 23 27
39 22 28
40 22 28
41 22 28
42 21 29
43 22 28
44 21 29
45 22 28
46 21 29
47 22 28
48 22 28
49 21 29
50 20 30
51 19 31
52 20 30
53 19 31
54 20 30
55 20 30
56 20 30
57 21 29
58 22 28
59 23 27
60 24 26
61 24 26
62 24 26
63 23 27
64 23 27
65 23 27
66 22 28
67 22 28
68 23 27
69 22 28
70 22 28
71 23 27
72 23 27
73 24 26
74 24 26
75 23 27
76 23 27
77 24 26
78 24 26
79 23 27
80 23 27
81 24 26
82 25 25
83 26 24
84 25 25
85 24 26
86 25 25
87 24 26
88 24 26
89 25 25
90 26 24
91 27 23
92 28 22
93 27 23
94 26 24
95 25 25
96 24 26
97 23 27
98 23 27
99 24 26
100 23 27
101 24 26
102 25 25
103 26 24
104 25 25
105 25 25
106 26 24
107 27 23
108 28 22
109 29 21
110 30 20
111 29 21
112 29 21
113 30 20
114 31 19
115 30 20
116 29 21
117 30 20
118 29 21
119 28 22
120 29 21
121 28 22
122 28 22
123 27 23
124 27 23
125 28 22
126 27 23
127 26 24
128 26 24
129 25 25
130 26 24
131 27 23
132 27 23
133 26 24
134 27 23
135 28 22
136 29 21
137 30 20
138 31 19
139 30 20
140 30 20
141 31 19
142 31 19
143 30 20
144 30 20
145 29 21
146 28 22
147 29 21
148 30 20
149 30 20
150 31 19
151 30 20
152 29 21
153 30 20
154 29 21
155 28 22
156 29 21
157 28 22
158 29 21
159 28 22
160 27 23
161 27 23
162 27 23
163 28 22
164 28 22
165 27 23
166 28 22
167 29 21
168 29 21
169 28 22
170 27 23
171 26 24
172 27 23
173 28 22
174 29 21
175 30 20
176 31 19
177 32 18
178 31 19
179 32 18
180 33 17
181 32 18
182 31 19
183 30 20
184 29 21
185 29 21
186 28 22
187 28 22
188 29 21
189 30 20
190 29 21
191 30 20
192 29 21
193 30 20
194 31 19
195 30 20
196 29 21
197 28 22
198 27 23
199 28 22
200 27 23
201 28 22
202 28 22
203 29 21
204 28 22
205 29 21
206 28 22
207 27 23
208 27 23
209 27 23
210 28 22
211 29 21
212 29 21
213 29 21
214 28 22
215 27 23
216 28 22
217 29 21
218 29 21
219 28 22
220 28 22
221 29 21
222 28 22
223 29 21
224 29 21
225 28 22
226 28 22
227 29 21
228 28 22
229 27 23
230 26 24
231 27 23
232 27 23
233 26 24
234 25 25
235 26 24
236 25 25
237 26 24
238 25 25
239 26 24
240 27 23
241 26 24
242 25 25
243 26 24
244 25 25
245 24 26
246 25 25
247 24 26
248 25 25
249 26 24
250 27 23
251 26 24
252 25 25
253 26 24
254 26 24
255 27 23
256 26 24
257 26 24
258 26 24
259 25 25
260 24 26
261 23 27
262 24 26
263 24 26
264 23 27
265 23 27
266 23 27
267 24 26
268 25 25
269 24 26
270 25 25
271 26 24
272 26 24
273 27 23
274 28 22
275 29 21
276 28 22
277 28 22
278 27 23
279 27 23
280 28 22
281 28 22
282 27 23
283 26 24
284 27 23
285 26 24
286 26 24
287 27 23
288 28 22
289 27 23
290 28 22
291 28 22
292 27 23
293 26 24
294 25 25
295 24 26
296 25 25
297 26 24
298 25 25
299 24 26
300 23 27
301 24 26
302 25 25
303 25 25
304 24 26
305 23 27
306 24 26
307 25 25
308 26 24
309 27 23
310 28 22
311 28 22
312 27 23
313 26 24
314 25 25
315 26 24
316 26 24
317 25 25
318 24 26
319 24 26
320 23 27
321 22 28
322 22 28
323 21 29
324 21 29
325 22 28
326 23 27
327 22 28
328 23 27
329 24 26
330 23 27
331 24 26
332 25 25
333 24 26
334 25 25
335 26 24
336 26 24
337 27 23
338 26 24
339 26 24
340 27 23
341 28 22
342 29 21
343 28 22
344 28 22
345 27 23
346 26 24
347 25 25
348 25 25
349 26 24
350 25 25
351 24 26
352 25 25
353 26 24
354 25 25
355 24 26
356 25 25
357 24 26
358 25 25
359 24 26
360 23 27
361 24 26
362 24 26
363 25 25
364 26 24
365 26 24
366 27 23
367 27 23
368 27 23
369 27 23
370 26 24
371 27 23
372 26 24
373 25 25
374 24 26
375 23 27
376 24 26
377 24 26
378 24 26
379 23 27
380 24 26
381 23 27
382 22 28
383 21 29
384 22 28
385 21 29
386 22 28
387 21 29
388 21 29
389 21 29
390 21 29
391 22 28
392 23 27
393 22 28
394 23 27
395 23 27
396 24 26
397 23 27
398 22 28
399 22 28
400 22 28
401 22 28
402 23 27
403 23 27
404 23 27
405 22 28
406 23 27
407 23 27
408 24 26
409 23 27
410 22 28
411 21 29
412 21 29
413 20 30
414 19 31
415 20 30
416 21 29
417 21 29
418 20 30
419 21 29
420 21 29
421 20 30
422 21 29
423 21 29
424 20 30
425 19 31
426 20 30
427 21 29
428 20 30
429 19 31
430 18 32
431 19 31
432 18 32
433 19 31
434 20 30
435 21 29
436 22 28
437 21 29
438 20 30
439 20 30
440 20 30
441 21 29
442 20 30
443 21 29
444 20 30
445 21 29
446 22 28
447 23 27
448 24 26
449 23 27
450 24 26
451 25 25
452 26 24
453 27 23
454 28 22
455 28 22
456 27 23
457 28 22
458 29 21
459 29 21
460 29 21
461 28 22
462 27 23
463 27 23
464 26 24
465 25 25
466 24 26
467 23 27
468 24 26
469 25 25
470 24 26
471 25 25
472 26 24
473 26 24
474 25 25
475 25 25
476 25 25
477 26 24
478 26 24
479 27 23
480 26 24
481 25 25
482 26 24
483 25 25
484 24 26
485 23 27
486 24 26
487 23 27
488 22 28
489 23 27
490 24 26
491 23 27
492 24 26
493 25 25
494 26 24
495 27 23
496 28 22
497 27 23
498 27 23
499 28 22
500 27 23
