0 0 50
1 1 49
2 2 48
3 2 48
4 3 47
5 4 46
6 5 45
7 6 44
8 6 44
9 6 44
10 6 44
11 6 44
12 6 44
13 7 43
14 8 42
15 8 42
16 9 41
17 10 40
18 10 40
19 11 39
20 11 39
21 11 39
22 11 39
23 12 38
24 12 38
25 12 38
26 12 38
27 12 38
28 13 37
29 14 36
30 14 36
31 13 37
32 13 37
33 12 38
34 13 37
35 13 37
36 13 37
37 14 36
38 13 37
39 13 37
40 13 37
41 14 36
42 13 37
43 14 36
44 13 37
45 13 37
46 14 36
47 15 35
48 16 34
49 15 35
50 14 36
51 13 37
52 14 36
53 15 35
54 16 34
55 16 34
56 17 33
57 17 33
58 18 32
59 18 32
60 17 33
61 18 32
62 18 32
63 18 32
64 19 31
65 20 30
66 20 30
67 20 30
68 20 30
69 20 30
70 19 31
71 20 30
72 20 30
73 19 31
74 20 30
75 21 29
76 22 28
77 22 28
78 22 28
79 22 28
80 21 29
81 21 29
82 21 29
83 21 29
84 22 28
85 22 28
86 22 28
87 21 29
88 21 29
89 21 29
90 22 28
91 22 28
92 23 27
93 23 27
94 23 27
95 23 27
96 23 27
97 23 27
98 23 27
99 23 27
100 23 27
101 22 28
102 23 27
103 24 26
104 24 26
105 23 27
106 23 27
107 23 27
108 23 27
109 24 26
110 25 25
111 26 24
112 26 24
113 25 25
114 24 26
115 23 27
116 22 28
117 23 27
118 22 28
119 22 28
120 21 29
121 21 29
122 21 29
123 20 30
124 21 29
125 22 28
126 22 28
127 22 28
128 21 29
129 22 28
130 21 29
131 22 28
132 22 28
133 23 27
134 23 27
135 23 27
136 22 28
137 23 27
138 24 26
139 23 27
140 22 28
141 22 28
142 22 28
143 23 27
144 23 27
145 23 27
146 24 26
147 23 27
148 23 27
149 24 26
150 25 25
151 25 25
152 25 25
153 24 26
154 24 26
155 24 26
156 24 26
157 24 26
158 23 27
159 22 28
160 23 27
161 24 26
162 24 26
163 24 26
164 25 25
165 25 25
166 24 26
167 24 26
168 24 26
169 24 26
170 23 27
171 23 27
172 22 28
173 21 29
174 21 29
175 21 29
176 21 29
177 21 29
178 20 30
179 21 29
180 22 28
181 23 27
182 23 27
183 22 28
184 23 27
185 23 27
186 23 27
187 23 27
188 23 27
189 24 26
190 25 25
191 25 25
192 25 25
193 25 25
194 25 25
195 24 26
196 24 26
197 24 26
198 24 26
199 24 26
200 23 27
201 22 28
202 23 27
203 23 27
204 24 26
205 25 25
206 26 24
207 26 24
208 26 24
209 26 24
210 27 23
211 27 23
212 26 24
213 26 24
214 26 24
215 27 23
216 27 23
217 28 22
218 29 21
219 28 22
220 29 21
221 30 20
222 30 20
223 29 21
224 29 21
225 29 21
226 29 21
227 29 21
228 29 21
229 30 20
230 31 19
231 31 19
232 31 19
233 30 20
234 29 21
235 30 20
236 30 20
237 29 21
238 30 20
239 31 19
240 31 19
241 30 20
242 29 21
243 30 20
244 31 19
245 32 18
246 33 17
247 34 16
248 34 16
249 33 17
250 33 17
251 34 16
252 34 16
253 35 15
254 35 15
255 35 15
256 34 16
257 35 15
258 34 16
259 35 15
260 35 15
261 36 14
262 36 14
263 36 14
264 37 13
265 37 13
266 38 12
267 38 12
268 37 13
269 37 13
270 36 14
271 37 13
272 36 14
273 35 15
274 34 16
275 34 16
276 34 16
277 35 15
278 35 15
279 35 15
280 34 16
281 33 17
282 34 16
283 33 17
284 32 18
285 31 19
286 30 20
287 30 20
288 31 19
289 31 19
290 30 20
291 31 19
292 32 18
293 32 18
294 32 18
295 31 19
296 31 19
297 31 19
298 32 18
299 31 19
300 30 20
301 30 20
302 30 20
303 30 20
304 30 20
305 29 21
306 29 21
307 29 21
308 30 20
309 29 21
310 29 21
311 28 22
312 28 22
313 28 22
314 28 22
315 29 21
316 30 20
317 30 20
318 31 19
319 30 20
320 30 20
321 30 20
322 31 19
323 32 18
324 31 19
325 30 20
326 30 20
327 30 20
328 30 20
329 30 20
330 30 20
331 30 20
332 30 20
333 30 20
334 29 21
335 28 22
336 28 22
337 27 23
338 26 24
339 27 23
340 28 22
341 28 22
342 28 22
343 29 21
344 28 22
345 27 23
346 26 24
347 25 25
348 25 25
349 25 25
350 26 24
351 27 23
352 27 23
353 27 23
354 28 22
355 28 22
356 28 22
357 27 23
358 27 23
359 27 23
360 27 23
361 27 23
362 26 24
363 26 24
364 25 25
365 25 25
366 26 24
367 25 25
368 25 25
369 26 24
370 27 23
371 27 23
372 27 23
373 26 24
374 27 23
375 27 23
376 28 22
377 27 23
378 27 23
379 28 22
380 27 23
381 27 23
382 27 23
383 27 23
384 28 22
385 29 21
386 28 22
387 28 22
388 28 22
389 28 22
390 29 21
391 28 22
392 28 22
393 27 23
394 27 23
395 26 24
396 26 24
397 27 23
398 27 23
399 27 23
400 28 22
401 28 22
402 28 22
403 28 22
404 28 22
405 28 22
406 28 22
407 27 23
408 28 22
409 27 23
410 27 23
411 28 22
412 28 22
413 27 23
414 27 23
415 27 23
416 26 24
417 26 24
418 26 24
419 26 24
420 26 24
421 27 23
422 26 24
423 27 23
424 26 24
425 25 25
426 25 25
427 24 26
428 25 25
429 25 25
430 25 25
431 25 25
432 24 26
433 24 26
434 24 26
435 24 26
436 24 26
437 24 26
438 24 26
439 24 26
440 23 27
441 23 27
442 22 28
443 22 28
444 22 28
445 23 27
446 23 27
447 24 26
448 23 27
449 23 27
450 23 27
451 22 28
452 22 28
453 22 28
454 21 29
455 20 30
456 21 29
457 22 28
458 22 28
459 23 27
460 22 28
461 23 27
462 24 26
463 24 26
464 24 26
465 24 26
466 24 26
467 24 26
468 23 27
469 23 27
470 24 26
471 24 26
472 25 25
473 24 26
474 23 27
475 22 28
476 22 28
477 23 27
478 23 27
479 24 26
480 24 26
481 25 25
482 26 24
483 26 24
484 27 23
485 27 23
486 27 23
487 27 23
488 27 23
489 26 24
490 26 24
491 26 24
492 25 25
493 24 26
494 24 26
495 24 26
496 25 25
497 24 26
498 23 27
499 24 26
500 23 27
501 24 26
502 23 27
503 22 28
504 22 28
505 23 27
506 23 27
507 23 27
508 24 26
509 24 26
510 25 25
511 25 25
512 24 26
513 24 26
514 24 26
515 24 26
516 23 27
517 23 27
518 22 28
519 23 27
520 23 27
521 23 27
522 23 27
523 24 26
524 25 25
525 26 24
526 25 25
527 25 25
528 25 25
529 25 25
530 25 25
531 26 24
532 26 24
533 25 25
534 25 25
535 26 24
536 26 24
537 27 23
538 26 24
539 26 24
540 27 23
541 27 23
542 26 24
543 25 25
544 25 25
545 25 25
546 25 25
547 26 24
548 25 25
549 25 25
550 26 24
551 27 23
552 26 24
553 25 25
554 25 25
555 25 25
556 25 25
557 26 24
558 26 24
559 27 23
560 28 22
561 28 22
562 28 22
563 28 22
564 29 21
565 28 22
566 27 23
567 28 22
568 28 22
569 28 22
570 28 22
571 28 22
572 28 22
573 28 22
574 29 21
575 30 20
576 29 21
577 28 22
578 29 21
579 28 22
580 28 22
581 28 22
582 29 21
583 29 21
584 28 22
585 27 23
586 27 23
587 26 24
588 26 24
589 27 23
590 27 23
591 26 24
592 26 24
593 27 23
594 26 24
595 26 24
596 26 24
597 26 24
598 27 23
599 28 22
600 27 23
601 27 23
602 27 23
603 28 22
604 28 22
605 27 23
606 27 23
607 28 22
608 27 23
609 26 24
610 26 24
611 27 23
612 28 22
613 28 22
614 28 22
615 28 22
616 29 21
617 29 21
618 29 21
619 29 21
620 29 21
621 29 21
622 29 21
623 29 21
624 28 22
625 27 23
626 27 23
627 27 23
628 27 23
629 27 23
630 28 22
631 27 23
632 27 23
633 28 22
634 27 23
635 28 22
636 28 22
637 28 22
638 28 22
639 28 22
640 27 23
641 26 24
642 26 24
643 25 25
644 26 24
645 27 23
646 28 22
647 28 22
648 28 22
649 28 22
650 27 23
651 26 24
652 26 24
653 25 25
654 25 25
655 25 25
656 25 25
657 25 25
658 25 25
659 25 25
660 24 26
661 25 25
662 25 25
663 25 25
664 25 25
665 25 25
666 25 25
667 26 24
668 26 24
669 27 23
670 28 22
671 28 22
672 28 22
673 28 22
674 28 22
675 28 22
676 27 23
677 27 23
678 27 23
679 27 23
680 28 22
681 28 22
682 28 22
683 28 22
684 28 22
685 28 22
686 27 23
687 27 23
688 27 23
689 27 23
690 27 23
691 26 24
692 26 24
693 26 24
694 27 23
695 27 23
696 28 22
697 29 21
698 29 21
699 29 21
700 29 21
701 29 21
702 28 22
703 28 22
704 28 22
705 28 22
706 29 21
707 29 21
708 30 20
709 29 21
710 29 21
711 29 21
712 30 20
713 30 20
714 30 20
715 31 19
716 30 20
717 30 20
718 30 20
719 31 19
720 32 18
721 31 19
722 31 19
723 32 18
724 32 18
725 32 18
726 32 18
727 31 19
728 31 19
729 31 19
730 30 20
731 31 19
732 30 20
733 30 20
734 30 20
735 30 20
736 30 20
737 29 21
738 29 21
739 30 20
740 29 21
741 29 21
742 29 21
743 30 20
744 29 21
745 29 21
746 29 21
747 28 22
748 27 23
749 27 23
750 27 23
751 27 23
752 26 24
753 27 23
754 27 23
755 26 24
756 27 23
757 27 23
758 26 24
759 26 24
760 26 24
761 25 25
762 25 25
763 25 25
764 25 25
765 24 26
766 24 26
767 24 26
768 23 27
769 23 27
770 23 27
771 24 26
772 24 26
773 25 25
774 25 25
775 26 24
776 25 25
777 25 25
778 26 24
779 26 24
780 26 24
781 26 24
782 26 24
783 27 23
784 27 23
785 28 22
786 28 22
787 27 23
788 27 23
789 28 22
790 28 22
791 29 21
792 30 20
793 30 20
794 30 20
795 29 21
796 29 21
797 28 22
798 29 21
799 29 21
800 29 21
801 29 21
802 28 22
803 29 21
804 29 21
805 30 20
806 29 21
807 30 20
808 30 20
809 30 20
810 30 20
811 31 19
812 31 19
813 31 19
814 32 18
815 32 18
816 31 19
817 32 18
818 33 17
819 32 18
820 32 18
821 32 18
822 32 18
823 32 18
824 32 18
825 32 18
826 32 18
827 32 18
828 31 19
829 32 18
830 31 19
831 31 19
832 31 19
833 32 18
834 31 19
835 31 19
836 31 19
837 30 20
838 30 20
839 29 21
840 29 21
841 29 21
842 28 22
843 27 23
844 27 23
845 28 22
846 28 22
847 28 22
848 28 22
849 28 22
850 28 22
851 27 23
852 27 23
853 28 22
854 27 23
855 26 24
856 26 24
857 25 25
858 25 25
859 25 25
860 25 25
861 24 26
862 23 27
863 22 28
864 23 27
865 24 26
866 24 26
867 24 26
868 24 26
869 24 26
870 24 26
871 24 26
872 24 26
873 24 26
874 25 25
875 24 26
876 24 26
877 24 26
878 24 26
879 24 26
880 24 26
881 23 27
882 22 28
883 23 27
884 24 26
885 23 27
886 24 26
887 23 27
888 23 27
889 24 26
890 25 25
891 25 25
892 26 24
893 26 24
894 25 25
895 25 25
896 24 26
897 25 25
898 26 24
899 26 24
900 26 24
901 25 25
902 24 26
903 24 26
904 23 27
905 22 28
906 23 27
907 23 27
908 23 27
909 23 27
910 23 27
911 24 26
912 24 26
913 23 27
914 22 28
915 21 29
916 20 30
917 21 29
918 20 30
919 20 30
920 20 30
921 20 30
922 21 29
923 20 30
924 20 30
925 20 30
926 20 30
927 21 29
928 22 28
929 23 27
930 22 28
931 23 27
932 23 27
933 22 28
934 22 28
935 23 27
936 24 26
937 23 27
938 23 27
939 24 26
940 25 25
941 25 25
942 25 25
943 25 25
944 25 25
945 25 25
946 25 25
947 25 25
948 25 25
949 26 24
950 26 24
951 25 25
952 24 26
953 24 26
954 24 26
955 23 27
956 23 27
957 24 26
958 24 26
959 24 26
960 24 26
961 24 26
962 24 26
963 24 26
964 24 26
965 25 25
966 26 24
967 25 25
968 25 25
969 24 26
970 23 27
971 23 27
972 22 28
973 22 28
974 22 28
975 21 29
976 20 30
977 20 30
978 19 31
979 18 32
980 18 32
981 18 32
982 18 32
983 18 32
984 19 31
985 19 31
986 20 30
987 20 30
988 20 30
989 21 29
990 22 28
991 21 29
992 21 29
993 21 29
994 21 29
995 22 28
996 23 27
997 24 26
998 23 27
999 22 28
1000 23 27
1001 23 27
1002 23 27
1003 22 28
1004 21 29
1005 22 28
1006 21 29
1007 22 28
1008 22 28
1009 22 28
1010 22 28
1011 23 27
1012 22 28
1013 22 28
1014 23 27
1015 22 28
1016 21 29
1017 22 28
1018 23 27
1019 23 27
1020 22 28
1021 21 29
1022 22 28
1023 22 28
1024 22 28
1025 22 28
1026 21 29
1027 22 28
1028 23 27
1029 24 26
1030 24 26
1031 24 26
1032 23 27
1033 23 27
1034 23 27
1035 22 28
1036 22 28
1037 23 27
1038 23 27
1039 22 28
1040 22 28
1041 21 29
1042 21 29
1043 21 29
1044 20 30
1045 19 31
1046 19 31
1047 20 30
1048 21 29
1049 22 28
1050 21 29
1051 21 29
1052 21 29
1053 21 29
1054 21 29
1055 21 29
1056 20 30
1057 20 30
1058 20 30
1059 19 31
1060 20 30
1061 20 30
1062 20 30
1063 19 31
1064 19 31
1065 18 32
1066 19 31
1067 20 30
1068 19 31
1069 18 32
1070 19 31
1071 20 30
1072 19 31
1073 19 31
1074 20 30
1075 20 30
1076 20 30
1077 21 29
1078 20 30
1079 21 29
1080 21 29
1081 22 28
1082 23 27
1083 24 26
1084 23 27
1085 22 28
1086 22 28
1087 22 28
1088 23 27
1089 22 28
1090 23 27
1091 23 27
1092 22 28
1093 22 28
1094 23 27
1095 24 26
1096 25 25
1097 24 26
1098 24 26
1099 23 27
1100 23 27
1101 24 26
1102 23 27
1103 23 27
1104 22 28
1105 22 28
1106 23 27
1107 23 27
1108 23 27
1109 24 26
1110 24 26
1111 24 26
1112 24 26
1113 24 26
1114 25 25
1115 24 26
1116 25 25
1117 25 25
1118 24 26
1119 24 26
1120 24 26
1121 25 25
1122 24 26
1123 23 27
1124 24 26
1125 25 25
1126 25 25
1127 24 26
1128 23 27
1129 22 28
1130 22 28
1131 22 28
1132 22 28
1133 22 28
1134 22 28
1135 22 28
1136 21 29
1137 22 28
1138 23 27
1139 23 27
1140 24 26
1141 25 25
1142 26 24
1143 26 24
1144 25 25
1145 25 25
1146 25 25
1147 25 25
1148 25 25
1149 25 25
1150 25 25
1151 26 24
1152 27 23
1153 28 22
1154 29 21
1155 29 21
1156 30 20
1157 31 19
1158 31 19
1159 31 19
1160 32 18
1161 31 19
1162 31 19
1163 30 20
1164 30 20
1165 30 20
1166 29 21
1167 30 20
1168 30 20
1169 29 21
1170 29 21
1171 30 20
1172 30 20
1173 29 21
1174 30 20
1175 31 19
1176 32 18
1177 32 18
1178 32 18
1179 32 18
1180 32 18
1181 32 18
1182 31 19
1183 31 19
1184 31 19
1185 31 19
1186 31 19
1187 31 19
1188 31 19
1189 31 19
1190 31 19
1191 31 19
1192 31 19
1193 31 19
1194 31 19
1195 31 19
1196 32 18
1197 32 18
1198 33 17
1199 33 17
1200 33 17
1201 32 18
1202 32 18
1203 31 19
1204 31 19
1205 30 20
1206 29 21
1207 29 21
1208 28 22
1209 28 22
1210 27 23
1211 27 23
1212 27 23
1213 26 24
1214 26 24
1215 25 25
1216 26 24
1217 26 24
1218 26 24
1219 25 25
1220 25 25
1221 24 26
1222 25 25
1223 26 24
1224 26 24
1225 25 25
1226 25 25
1227 25 25
1228 25 25
1229 24 26
1230 24 26
1231 24 26
1232 23 27
1233 22 28
1234 23 27
1235 23 27
1236 23 27
1237 22 28
1238 21 29
1239 21 29
1240 20 30
1241 20 30
1242 21 29
1243 22 28
1244 21 29
1245 21 29
1246 22 28
1247 22 28
1248 22 28
1249 21 29
1250 21 29
1251 21 29
1252 21 29
1253 20 30
1254 21 29
1255 22 28
1256 21 29
1257 21 29
1258 21 29
1259 21 29
1260 21 29
1261 21 29
1262 21 29
1263 21 29
1264 22 28
1265 22 28
1266 23 27
1267 23 27
1268 24 26
1269 24 26
1270 24 26
1271 25 25
1272 25 25
1273 25 25
1274 25 25
1275 26 24
1276 26 24
1277 25 25
1278 24 26
1279 24 26
1280 25 25
1281 25 25
1282 26 24
1283 26 24
1284 26 24
1285 26 24
1286 25 25
1287 24 26
1288 23 27
1289 23 27
1290 24 26
1291 24 26
1292 24 26
1293 25 25
1294 24 26
1295 23 27
1296 23 27
1297 24 26
1298 24 26
1299 24 26
1300 25 25
1301 25 25
1302 25 25
1303 25 25
1304 25 25
1305 25 25
1306 25 25
1307 25 25
1308 26 24
1309 26 24
1310 26 24
1311 26 24
1312 25 25
1313 25 25
1314 24 26
1315 24 26
1316 24 26
1317 25 25
1318 25 25
1319 25 25
1320 26 24
1321 27 23
1322 26 24
1323 25 25
1324 25 25
1325 24 26
1326 23 27
1327 24 26
1328 24 26
1329 24 26
1330 25 25
1331 25 25
1332 26 24
1333 27 23
1334 28 22
1335 28 22
1336 28 22
1337 27 23
1338 26 24
1339 26 24
1340 25 25
1341 25 25
1342 26 24
1343 27 23
1344 28 22
1345 28 22
1346 28 22
1347 27 23
1348 27 23
1349 27 23
1350 26 24
1351 26 24
1352 27 23
1353 26 24
1354 25 25
1355 26 24
1356 26 24
1357 26 24
1358 26 24
1359 26 24
1360 27 23
1361 27 23
1362 27 23
1363 28 22
1364 27 23
1365 27 23
1366 27 23
1367 26 24
1368 27 23
1369 27 23
1370 26 24
1371 27 23
1372 27 23
1373 26 24
1374 26 24
1375 26 24
1376 25 25
1377 24 26
1378 25 25
1379 25 25
1380 24 26
1381 25 25
1382 24 26
1383 24 26
1384 24 26
1385 25 25
1386 24 26
1387 24 26
1388 24 26
1389 25 25
1390 25 25
1391 24 26
1392 25 25
1393 25 25
1394 25 25
1395 24 26
1396 25 25
1397 26 24
1398 26 24
1399 26 24
1400 26 24
1401 27 23
1402 26 24
1403 26 24
1404 26 24
1405 25 25
1406 24 26
1407 24 26
1408 23 27
1409 22 28
1410 23 27
1411 23 27
1412 23 27
1413 23 27
1414 23 27
1415 23 27
1416 23 27
1417 24 26
1418 25 25
1419 25 25
1420 24 26
1421 23 27
1422 22 28
1423 21 29
1424 21 29
1425 20 30
1426 19 31
1427 19 31
1428 19 31
1429 19 31
1430 19 31
1431 20 30
1432 20 30
1433 19 31
1434 19 31
1435 20 30
1436 20 30
1437 20 30
1438 21 29
1439 22 28
1440 23 27
1441 24 26
1442 25 25
1443 25 25
1444 24 26
1445 24 26
1446 25 25
1447 26 24
1448 27 23
1449 27 23
1450 27 23
1451 26 24
1452 26 24
1453 27 23
1454 28 22
1455 28 22
1456 28 22
1457 27 23
1458 26 24
1459 27 23
1460 26 24
1461 27 23
1462 27 23
1463 27 23
1464 27 23
1465 27 23
1466 27 23
1467 27 23
1468 27 23
1469 27 23
1470 28 22
1471 28 22
1472 28 22
1473 28 22
1474 28 22
1475 28 22
1476 28 22
1477 29 21
1478 29 21
1479 29 21
1480 28 22
1481 27 23
1482 26 24
1483 26 24
1484 26 24
1485 26 24
1486 25 25
1487 25 25
1488 25 25
1489 25 25
1490 25 25
1491 25 25
1492 26 24
1493 25 25
1494 25 25
1495 25 25
1496 25 25
1497 24 26
1498 23 27
1499 23 27
1500 24 26
1501 23 27
1502 22 28
1503 22 28
1504 23 27
1505 23 27
1506 23 27
1507 24 26
1508 23 27
1509 23 27
1510 23 27
1511 22 28
1512 21 29
1513 22 28
1514 22 28
1515 23 27
1516 23 27
1517 23 27
1518 24 26
1519 24 26
1520 23 27
1521 22 28
1522 22 28
1523 21 29
1524 22 28
1525 22 28
1526 22 28
1527 21 29
1528 22 28
1529 22 28
1530 22 28
1531 23 27
1532 23 27
1533 22 28
1534 23 27
1535 24 26
1536 24 26
1537 23 27
1538 23 27
1539 23 27
1540 23 27
1541 24 26
1542 23 27
1543 22 28
1544 23 27
1545 22 28
1546 23 27
1547 24 26
1548 23 27
1549 22 28
1550 23 27
1551 24 26
1552 25 25
1553 26 24
1554 25 25
1555 25 25
1556 24 26
1557 23 27
1558 24 26
1559 23 27
1560 22 28
1561 22 28
1562 22 28
1563 21 29
1564 22 28
1565 22 28
1566 22 28
1567 22 28
1568 22 28
1569 22 28
1570 22 28
1571 22 28
1572 23 27
1573 24 26
1574 24 26
1575 24 26
1576 23 27
1577 24 26
1578 23 27
1579 23 27
1580 23 27
1581 22 28
1582 22 28
1583 22 28
1584 23 27
1585 24 26
1586 24 26
1587 24 26
1588 25 25
1589 24 26
1590 25 25
1591 24 26
1592 24 26
1593 24 26
1594 24 26
1595 25 25
1596 24 26
1597 24 26
1598 25 25
1599 25 25
1600 26 24
1601 26 24
1602 27 23
1603 26 24
1604 26 24
1605 26 24
1606 25 25
1607 26 24
1608 25 25
1609 25 25
1610 24 26
1611 24 26
1612 25 25
1613 26 24
1614 25 25
1615 25 25
1616 25 25
1617 25 25
1618 25 25
1619 25 25
1620 26 24
1621 26 24
1622 27 23
1623 28 22
1624 28 22
1625 28 22
1626 28 22
1627 28 22
1628 29 21
1629 29 21
1630 30 20
1631 30 20
1632 31 19
1633 31 19
1634 30 20
1635 29 21
1636 28 22
1637 28 22
1638 28 22
1639 29 21
1640 30 20
1641 29 21
1642 28 22
1643 28 22
1644 29 21
1645 29 21
1646 29 21
1647 29 21
1648 28 22
1649 28 22
1650 28 22
1651 29 21
1652 30 20
1653 31 19
1654 30 20
1655 29 21
1656 29 21
1657 29 21
1658 29 21
1659 30 20
1660 31 19
1661 31 19
1662 31 19
1663 31 19
1664 30 20
1665 31 19
1666 32 18
1667 31 19
1668 31 19
1669 30 20
1670 29 21
1671 30 20
1672 30 20
1673 30 20
1674 29 21
1675 30 20
1676 30 20
1677 30 20
1678 30 20
1679 31 19
1680 31 19
1681 31 19
1682 32 18
1683 32 18
1684 32 18
1685 31 19
1686 31 19
1687 31 19
1688 32 18
1689 31 19
1690 30 20
1691 31 19
1692 32 18
1693 31 19
1694 32 18
1695 33 17
1696 32 18
1697 32 18
1698 32 18
1699 32 18
1700 31 19
1701 31 19
1702 31 19
1703 31 19
1704 30 20
1705 30 20
1706 29 21
1707 28 22
1708 28 22
1709 29 21
1710 30 20
1711 30 20
1712 30 20
1713 29 21
1714 28 22
1715 28 22
1716 28 22
1717 28 22
1718 28 22
1719 27 23
1720 27 23
1721 27 23
1722 26 24
1723 26 24
1724 26 24
1725 26 24
1726 26 24
1727 27 23
1728 27 23
1729 27 23
1730 27 23
1731 27 23
1732 27 23
1733 27 23
1734 27 23
1735 26 24
1736 25 25
1737 24 26
1738 25 25
1739 25 25
1740 25 25
1741 26 24
1742 26 24
1743 25 25
1744 25 25
1745 26 24
1746 26 24
1747 26 24
1748 26 24
1749 26 24
1750 26 24
1751 27 23
1752 26 24
1753 27 23
1754 27 23
1755 27 23
1756 27 23
1757 27 23
1758 27 23
1759 26 24
1760 25 25
1761 26 24
1762 26 24
1763 26 24
1764 26 24
1765 26 24
1766 25 25
1767 25 25
1768 26 24
1769 26 24
1770 27 23
1771 27 23
1772 27 23
1773 27 23
1774 27 23
1775 28 22
1776 28 22
1777 28 22
1778 28 22
1779 29 21
1780 28 22
1781 27 23
1782 27 23
1783 26 24
1784 26 24
1785 26 24
1786 26 24
1787 26 24
1788 26 24
1789 25 25
1790 25 25
1791 26 24
1792 26 24
1793 26 24
1794 27 23
1795 28 22
1796 28 22
1797 28 22
1798 29 21
1799 28 22
1800 27 23
1801 27 23
1802 26 24
1803 27 23
1804 28 22
1805 28 22
1806 29 21
1807 29 21
1808 29 21
1809 28 22
1810 29 21
1811 29 21
1812 28 22
1813 28 22
1814 27 23
1815 27 23
1816 27 23
1817 27 23
1818 27 23
1819 27 23
1820 28 22
1821 27 23
1822 28 22
1823 27 23
1824 28 22
1825 29 21
1826 30 20
1827 29 21
1828 29 21
1829 29 21
1830 29 21
1831 28 22
1832 28 22
1833 27 23
1834 27 23
1835 28 22
1836 27 23
1837 28 22
1838 28 22
1839 28 22
1840 27 23
1841 27 23
1842 27 23
1843 27 23
1844 28 22
1845 28 22
1846 27 23
1847 27 23
1848 27 23
1849 28 22
1850 29 21
1851 29 21
1852 28 22
1853 28 22
1854 28 22
1855 28 22
1856 28 22
1857 28 22
1858 28 22
1859 28 22
1860 29 21
1861 29 21
1862 29 21
1863 28 22
1864 28 22
1865 28 22
1866 28 22
1867 29 21
1868 28 22
1869 29 21
1870 30 20
1871 30 20
1872 29 21
1873 29 21
1874 29 21
1875 29 21
1876 29 21
1877 28 22
1878 28 22
1879 27 23
1880 27 23
1881 26 24
1882 25 25
1883 24 26
1884 25 25
1885 25 25
1886 25 25
1887 26 24
1888 27 23
1889 27 23
1890 27 23
1891 27 23
1892 26 24
1893 26 24
1894 26 24
1895 26 24
1896 25 25
1897 24 26
1898 24 26
1899 25 25
1900 25 25
1901 25 25
1902 25 25
1903 24 26
1904 23 27
1905 22 28
1906 22 28
1907 23 27
1908 22 28
1909 22 28
1910 22 28
1911 22 28
1912 22 28
1913 23 27
1914 23 27
1915 22 28
1916 21 29
1917 21 29
1918 20 30
1919 21 29
1920 22 28
1921 23 27
1922 23 27
1923 23 27
1924 23 27
1925 22 28
1926 23 27
1927 23 27
1928 22 28
1929 21 29
1930 22 28
1931 21 29
1932 20 30
1933 21 29
1934 21 29
1935 21 29
1936 21 29
1937 20 30
1938 20 30
1939 20 30
1940 19 31
1941 19 31
1942 19 31
1943 18 32
1944 18 32
1945 18 32
1946 18 32
1947 19 31
1948 19 31
1949 19 31
1950 18 32
1951 19 31
1952 19 31
1953 19 31
1954 19 31
1955 19 31
1956 18 32
1957 17 33
1958 17 33
1959 18 32
1960 18 32
1961 17 33
1962 18 32
1963 18 32
1964 18 32
1965 18 32
1966 17 33
1967 18 32
1968 19 31
1969 20 30
1970 20 30
1971 20 30
1972 19 31
1973 19 31
1974 19 31
1975 19 31
1976 19 31
1977 20 30
1978 20 30
1979 20 30
1980 20 30
1981 20 30
1982 20 30
1983 20 30
1984 19 31
1985 19 31
1986 18 32
1987 19 31
1988 19 31
1989 18 32
1990 19 31
1991 20 30
1992 20 30
1993 20 30
1994 19 31
1995 19 31
1996 19 31
1997 19 31
1998 20 30
1999 20 30
2000 19 31
2001 20 30
2002 19 31
2003 19 31
2004 19 31
2005 20 30
2006 20 30
2007 20 30
2008 21 29
2009 22 28
2010 22 28
2011 22 28
2012 21 29
2013 22 28
2014 22 28
2015 23 27
2016 23 27
2017 22 28
2018 21 29
2019 20 30
2020 20 30
2021 20 30
2022 20 30
2023 20 30
2024 20 30
2025 20 30
2026 20 30
2027 21 29
2028 21 29
2029 22 28
2030 23 27
2031 23 27
2032 24 26
2033 24 26
2034 25 25
2035 25 25
2036 25 25
2037 25 25
2038 26 24
2039 26 24
2040 26 24
2041 27 23
2042 27 23
2043 26 24
2044 25 25
2045 25 25
2046 25 25
2047 24 26
2048 24 26
2049 23 27
2050 24 26
2051 24 26
2052 24 26
2053 25 25
2054 25 25
2055 25 25
2056 25 25
2057 25 25
2058 25 25
2059 25 25
2060 24 26
2061 25 25
2062 25 25
2063 24 26
2064 24 26
2065 24 26
2066 24 26
2067 24 26
2068 23 27
2069 24 26
2070 24 26
2071 25 25
2072 25 25
2073 25 25
2074 25 25
2075 25 25
2076 25 25
2077 25 25
2078 25 25
2079 25 25
2080 25 25
2081 24 26
2082 24 26
2083 24 26
2084 23 27
2085 24 26
2086 23 27
2087 24 26
2088 25 25
2089 25 25
2090 25 25
2091 25 25
2092 24 26
2093 25 25
2094 25 25
2095 25 25
2096 26 24
2097 26 24
2098 27 23
2099 27 23
2100 26 24
2101 26 24
2102 27 23
2103 26 24
2104 25 25
2105 25 25
2106 24 26
2107 24 26
2108 24 26
2109 24 26
2110 23 27
2111 22 28
2112 22 28
2113 22 28
2114 22 28
2115 23 27
2116 23 27
2117 24 26
2118 23 27
2119 24 26
2120 23 27
2121 24 26
2122 24 26
2123 24 26
2124 25 25
2125 24 26
2126 25 25
2127 26 24
2128 26 24
2129 25 25
2130 24 26
2131 24 26
2132 25 25
2133 24 26
2134 24 26
2135 24 26
2136 24 26
2137 23 27
2138 23 27
2139 22 28
2140 23 27
2141 22 28
2142 23 27
2143 22 28
2144 21 29
2145 21 29
2146 21 29
2147 22 28
2148 22 28
2149 22 28
2150 22 28
2151 21 29
2152 22 28
2153 21 29
2154 22 28
2155 23 27
2156 24 26
2157 24 26
2158 25 25
2159 25 25
2160 25 25
2161 25 25
2162 25 25
2163 25 25
2164 24 26
2165 24 26
2166 23 27
2167 23 27
2168 23 27
2169 24 26
2170 24 26
2171 23 27
2172 23 27
2173 23 27
2174 23 27
2175 23 27
2176 22 28
2177 21 29
2178 20 30
2179 20 30
2180 21 29
2181 22 28
2182 21 29
2183 22 28
2184 23 27
2185 24 26
2186 24 26
2187 23 27
2188 23 27
2189 23 27
2190 24 26
2191 24 26
2192 23 27
2193 23 27
2194 24 26
2195 24 26
2196 23 27
2197 23 27
2198 22 28
2199 22 28
2200 22 28
2201 23 27
2202 23 27
2203 23 27
2204 23 27
2205 24 26
2206 24 26
2207 24 26
2208 24 26
2209 25 25
2210 24 26
2211 24 26
2212 24 26
2213 25 25
2214 25 25
2215 24 26
2216 24 26
2217 24 26
2218 24 26
2219 23 27
2220 23 27
2221 22 28
2222 22 28
2223 22 28
2224 21 29
2225 21 29
2226 21 29
2227 21 29
2228 21 29
2229 20 30
2230 21 29
2231 21 29
2232 22 28
2233 22 28
2234 21 29
2235 20 30
2236 20 30
2237 19 31
2238 20 30
2239 21 29
2240 21 29
2241 22 28
2242 22 28
2243 22 28
2244 23 27
2245 23 27
2246 24 26
2247 25 25
2248 24 26
2249 24 26
2250 23 27
2251 23 27
2252 23 27
2253 24 26
2254 24 26
2255 24 26
2256 24 26
2257 25 25
2258 25 25
2259 25 25
2260 24 26
2261 23 27
2262 24 26
2263 24 26
2264 23 27
2265 24 26
2266 24 26
2267 23 27
2268 23 27
2269 22 28
2270 22 28
2271 22 28
2272 22 28
2273 21 29
2274 21 29
2275 21 29
2276 21 29
2277 22 28
2278 23 27
2279 23 27
2280 24 26
2281 24 26
2282 25 25
2283 25 25
2284 26 24
2285 26 24
2286 25 25
2287 25 25
2288 24 26
2289 24 26
2290 24 26
2291 25 25
2292 25 25
2293 25 25
2294 25 25
2295 24 26
2296 25 25
2297 24 26
2298 25 25
2299 25 25
2300 25 25
2301 25 25
2302 25 25
2303 26 24
2304 27 23
2305 27 23
2306 26 24
2307 27 23
2308 27 23
2309 28 22
2310 29 21
2311 29 21
2312 29 21
2313 29 21
2314 29 21
2315 29 21
2316 29 21
2317 28 22
2318 28 22
2319 29 21
2320 28 22
2321 29 21
2322 30 20
2323 31 19
2324 31 19
2325 31 19
2326 32 18
2327 32 18
2328 32 18
2329 31 19
2330 31 19
2331 30 20
2332 29 21
2333 29 21
2334 29 21
2335 28 22
2336 27 23
2337 27 23
2338 27 23
2339 27 23
2340 27 23
2341 26 24
2342 27 23
2343 28 22
2344 27 23
2345 28 22
2346 27 23
2347 27 23
2348 26 24
2349 27 23
2350 27 23
2351 27 23
2352 27 23
2353 26 24
2354 25 25
2355 26 24
2356 26 24
2357 27 23
2358 26 24
2359 27 23
2360 27 23
2361 26 24
2362 26 24
2363 25 25
2364 26 24
2365 25 25
2366 25 25
2367 25 25
2368 25 25
2369 25 25
2370 26 24
2371 26 24
2372 25 25
2373 25 25
2374 25 25
2375 25 25
2376 25 25
2377 25 25
2378 26 24
2379 25 25
2380 26 24
2381 26 24
2382 26 24
2383 26 24
2384 25 25
2385 25 25
2386 26 24
2387 25 25
2388 25 25
2389 26 24
2390 27 23
2391 26 24
2392 26 24
2393 25 25
2394 26 24
2395 27 23
2396 28 22
2397 28 22
2398 28 22
2399 27 23
2400 28 22
2401 29 21
2402 30 20
2403 29 21
2404 28 22
2405 28 22
2406 28 22
2407 29 21
2408 30 20
2409 30 20
2410 29 21
2411 28 22
2412 27 23
2413 28 22
2414 27 23
2415 27 23
2416 28 22
2417 28 22
2418 28 22
2419 29 21
2420 28 22
2421 27 23
2422 27 23
2423 26 24
2424 26 24
2425 25 25
2426 24 26
2427 25 25
2428 26 24
2429 25 25
2430 26 24
2431 27 23
2432 28 22
2433 28 22
2434 28 22
2435 28 22
2436 28 22
2437 27 23
2438 27 23
2439 27 23
2440 28 22
2441 27 23
2442 28 22
2443 28 22
2444 28 22
2445 27 23
2446 28 22
2447 27 23
2448 28 22
2449 28 22
2450 28 22
2451 27 23
2452 28 22
2453 28 22
2454 28 22
2455 28 22
2456 28 22
2457 27 23
2458 27 23
2459 27 23
2460 27 23
2461 27 23
2462 28 22
2463 28 22
2464 28 22
2465 29 21
2466 30 20
2467 30 20
2468 30 20
2469 31 19
2470 30 20
2471 30 20
2472 29 21
2473 29 21
2474 29 21
2475 30 20
2476 30 20
2477 29 21
2478 28 22
2479 29 21
2480 28 22
2481 28 22
2482 29 21
2483 28 22
2484 28 22
2485 28 22
2486 29 21
2487 30 20
2488 29 21
2489 29 21
2490 28 22
2491 29 21
2492 30 20
2493 30 20
2494 30 20
2495 31 19
2496 30 20
2497 31 19
2498 31 19
2499 31 19
2500 31 19
2501 30 20
2502 29 21
2503 28 22
2504 27 23
2505 28 22
2506 28 22
2507 29 21
2508 30 20
2509 30 20
2510 30 20
2511 31 19
2512 31 19
2513 31 19
2514 32 18
2515 31 19
2516 32 18
2517 31 19
2518 32 18
2519 32 18
2520 32 18
2521 31 19
2522 31 19
2523 30 20
2524 30 20
2525 30 20
2526 30 20
2527 30 20
2528 30 20
2529 31 19
2530 30 20
2531 30 20
2532 30 20
2533 29 21
2534 28 22
2535 27 23
2536 27 23
2537 27 23
2538 27 23
2539 27 23
2540 26 24
2541 27 23
2542 26 24
2543 25 25
2544 24 26
2545 23 27
2546 24 26
2547 24 26
2548 23 27
2549 24 26
2550 24 26
2551 25 25
2552 26 24
2553 25 25
2554 25 25
2555 25 25
2556 25 25
2557 25 25
2558 26 24
2559 26 24
2560 27 23
2561 27 23
2562 26 24
2563 26 24
2564 26 24
2565 27 23
2566 27 23
2567 26 24
2568 25 25
2569 26 24
2570 25 25
2571 25 25
2572 26 24
2573 25 25
2574 26 24
2575 26 24
2576 25 25
2577 25 25
2578 24 26
2579 24 26
2580 25 25
2581 24 26
2582 25 25
2583 25 25
2584 25 25
2585 24 26
2586 24 26
2587 24 26
2588 24 26
2589 24 26
2590 24 26
2591 24 26
2592 23 27
2593 23 27
2594 23 27
2595 24 26
2596 25 25
2597 25 25
2598 25 25
2599 26 24
2600 27 23
2601 27 23
2602 28 22
2603 27 23
2604 26 24
2605 27 23
2606 27 23
2607 26 24
2608 26 24
2609 26 24
2610 25 25
2611 25 25
2612 24 26
2613 23 27
2614 22 28
2615 21 29
2616 21 29
2617 21 29
2618 22 28
2619 22 28
2620 21 29
2621 21 29
2622 22 28
2623 22 28
2624 23 27
2625 22 28
2626 23 27
2627 22 28
2628 23 27
2629 23 27
2630 22 28
2631 22 28
2632 23 27
2633 23 27
2634 23 27
2635 23 27
2636 22 28
2637 22 28
2638 22 28
2639 21 29
2640 22 28
2641 22 28
2642 21 29
2643 20 30
2644 21 29
2645 20 30
2646 20 30
2647 20 30
2648 19 31
2649 19 31
2650 18 32
2651 19 31
2652 18 32
2653 18 32
2654 18 32
2655 18 32
2656 19 31
2657 20 30
2658 20 30
2659 20 30
2660 20 30
2661 20 30
2662 21 29
2663 21 29
2664 21 29
2665 21 29
2666 20 30
2667 21 29
2668 21 29
2669 21 29
2670 21 29
2671 21 29
2672 20 30
2673 19 31
2674 19 31
2675 19 31
2676 19 31
2677 19 31
2678 19 31
2679 20 30
2680 21 29
2681 20 30
2682 21 29
2683 22 28
2684 22 28
2685 23 27
2686 22 28
2687 22 28
2688 21 29
2689 21 29
2690 20 30
2691 20 30
2692 21 29
2693 22 28
2694 21 29
2695 21 29
2696 21 29
2697 22 28
2698 22 28
2699 22 28
2700 21 29
2701 22 28
2702 22 28
2703 22 28
2704 23 27
2705 24 26
2706 25 25
2707 25 25
2708 25 25
2709 25 25
2710 26 24
2711 25 25
2712 24 26
2713 23 27
2714 24 26
2715 23 27
2716 23 27
2717 22 28
2718 23 27
2719 22 28
2720 22 28
2721 23 27
2722 23 27
2723 23 27
2724 24 26
2725 25 25
2726 26 24
2727 25 25
2728 24 26
2729 23 27
2730 23 27
2731 23 27
2732 22 28
2733 22 28
2734 22 28
2735 22 28
2736 23 27
2737 24 26
2738 24 26
2739 24 26
2740 24 26
2741 23 27
2742 23 27
2743 22 28
2744 22 28
2745 21 29
2746 20 30
2747 20 30
2748 19 31
2749 19 31
2750 19 31
2751 18 32
2752 18 32
2753 19 31
2754 19 31
2755 18 32
2756 18 32
2757 18 32
2758 18 32
2759 18 32
2760 18 32
2761 18 32
2762 17 33
2763 18 32
2764 18 32
2765 17 33
2766 17 33
2767 17 33
2768 17 33
2769 18 32
2770 19 31
2771 20 30
2772 21 29
2773 21 29
2774 20 30
2775 21 29
2776 21 29
2777 20 30
2778 19 31
2779 19 31
2780 18 32
2781 18 32
2782 18 32
2783 19 31
2784 19 31
2785 19 31
2786 19 31
2787 19 31
2788 19 31
2789 19 31
2790 18 32
2791 19 31
2792 20 30
2793 21 29
2794 22 28
2795 23 27
2796 23 27
2797 22 28
2798 22 28
2799 22 28
2800 21 29
2801 21 29
2802 21 29
2803 22 28
2804 22 28
2805 21 29
2806 21 29
2807 21 29
2808 21 29
2809 22 28
2810 21 29
2811 22 28
2812 21 29
2813 22 28
2814 22 28
2815 23 27
2816 23 27
2817 23 27
2818 23 27
2819 23 27
2820 23 27
2821 24 26
2822 23 27
2823 22 28
2824 22 28
2825 22 28
2826 23 27
2827 22 28
2828 22 28
2829 21 29
2830 21 29
2831 20 30
2832 20 30
2833 21 29
2834 21 29
2835 22 28
2836 23 27
2837 23 27
2838 23 27
2839 23 27
2840 23 27
2841 22 28
2842 21 29
2843 21 29
2844 22 28
2845 21 29
2846 20 30
2847 20 30
2848 21 29
2849 20 30
2850 20 30
2851 21 29
2852 22 28
2853 23 27
2854 23 27
2855 23 27
2856 23 27
2857 23 27
2858 23 27
2859 23 27
2860 24 26
2861 25 25
2862 25 25
2863 25 25
2864 26 24
2865 26 24
2866 26 24
2867 25 25
2868 25 25
2869 24 26
2870 25 25
2871 25 25
2872 25 25
2873 24 26
2874 25 25
2875 26 24
2876 26 24
2877 26 24
2878 25 25
2879 25 25
2880 25 25
2881 25 25
2882 24 26
2883 25 25
2884 25 25
2885 24 26
2886 24 26
2887 24 26
2888 23 27
2889 23 27
2890 24 26
2891 24 26
2892 23 27
2893 23 27
2894 23 27
2895 24 26
2896 24 26
2897 25 25
2898 25 25
2899 24 26
2900 24 26
2901 24 26
2902 24 26
2903 25 25
2904 26 24
2905 26 24
2906 26 24
2907 26 24
2908 25 25
2909 24 26
2910 25 25
2911 26 24
2912 26 24
2913 27 23
2914 27 23
2915 27 23
2916 27 23
2917 27 23
2918 27 23
2919 27 23
2920 27 23
2921 27 23
2922 27 23
2923 26 24
2924 25 25
2925 24 26
2926 25 25
2927 26 24
2928 26 24
2929 27 23
2930 28 22
2931 27 23
2932 27 23
2933 26 24
2934 27 23
2935 27 23
2936 27 23
2937 26 24
2938 27 23
2939 26 24
2940 25 25
2941 25 25
2942 25 25
2943 25 25
2944 24 26
2945 23 27
2946 23 27
2947 23 27
2948 23 27
2949 23 27
2950 23 27
2951 24 26
2952 24 26
2953 24 26
2954 24 26
2955 24 26
2956 23 27
2957 23 27
2958 22 28
2959 22 28
2960 22 28
2961 23 27
2962 23 27
2963 22 28
2964 22 28
2965 23 27
2966 23 27
2967 23 27
2968 24 26
2969 25 25
2970 26 24
2971 26 24
2972 25 25
2973 26 24
2974 26 24
2975 26 24
2976 26 24
2977 26 24
2978 26 24
2979 25 25
2980 25 25
2981 26 24
2982 27 23
2983 28 22
2984 28 22
2985 29 21
2986 30 20
2987 30 20
2988 30 20
2989 29 21
2990 29 21
2991 28 22
2992 28 22
2993 27 23
2994 27 23
2995 28 22
2996 28 22
2997 28 22
2998 28 22
2999 29 21
3000 29 21
3001 30 20
3002 29 21
3003 29 21
3004 28 22
3005 28 22
3006 28 22
3007 29 21
3008 29 21
3009 30 20
3010 30 20
3011 31 19
3012 30 20
3013 30 20
3014 30 20
3015 30 20
3016 30 20
3017 31 19
3018 30 20
3019 30 20
3020 29 21
3021 28 22
3022 29 21
3023 28 22
3024 27 23
3025 26 24
3026 26 24
3027 27 23
3028 28 22
3029 28 22
3030 29 21
3031 29 21
3032 29 21
3033 29 21
3034 29 21
3035 28 22
3036 27 23
3037 26 24
3038 27 23
3039 27 23
3040 28 22
3041 28 22
3042 29 21
3043 30 20
3044 29 21
3045 30 20
3046 29 21
3047 29 21
3048 30 20
3049 29 21
3050 29 21
3051 29 21
3052 29 21
3053 30 20
3054 30 20
3055 30 20
3056 31 19
3057 31 19
3058 31 19
3059 30 20
3060 30 20
3061 30 20
3062 29 21
3063 29 21
3064 29 21
3065 29 21
3066 28 22
3067 27 23
3068 27 23
3069 26 24
3070 25 25
3071 25 25
3072 25 25
3073 25 25
3074 24 26
3075 24 26
3076 25 25
3077 24 26
3078 23 27
3079 22 28
3080 23 27
3081 23 27
3082 24 26
3083 25 25
3084 24 26
3085 24 26
3086 24 26
3087 24 26
3088 23 27
3089 22 28
3090 21 29
3091 22 28
3092 23 27
3093 23 27
3094 22 28
3095 21 29
3096 22 28
3097 22 28
3098 22 28
3099 22 28
3100 23 27
3101 23 27
3102 23 27
3103 24 26
3104 23 27
3105 24 26
3106 24 26
3107 24 26
3108 24 26
3109 25 25
3110 26 24
3111 27 23
3112 27 23
3113 27 23
3114 26 24
3115 26 24
3116 25 25
3117 26 24
3118 27 23
3119 26 24
3120 26 24
3121 26 24
3122 25 25
3123 26 24
3124 27 23
3125 26 24
3126 26 24
3127 26 24
3128 26 24
3129 27 23
3130 27 23
3131 26 24
3132 27 23
3133 28 22
3134 28 22
3135 27 23
3136 28 22
3137 28 22
3138 29 21
3139 29 21
3140 28 22
3141 28 22
3142 28 22
3143 28 22
3144 29 21
3145 29 21
3146 29 21
3147 30 20
3148 30 20
3149 30 20
3150 30 20
3151 31 19
3152 31 19
3153 31 19
3154 30 20
3155 30 20
3156 30 20
3157 29 21
3158 28 22
3159 28 22
3160 28 22
3161 27 23
3162 26 24
3163 25 25
3164 25 25
3165 25 25
3166 26 24
3167 27 23
3168 27 23
3169 26 24
3170 26 24
3171 25 25
3172 25 25
3173 24 26
3174 25 25
3175 24 26
3176 25 25
3177 26 24
3178 27 23
3179 27 23
3180 26 24
3181 25 25
3182 26 24
3183 25 25
3184 25 25
3185 26 24
3186 26 24
3187 25 25
3188 25 25
3189 25 25
3190 26 24
3191 26 24
3192 25 25
3193 24 26
3194 24 26
3195 24 26
3196 25 25
3197 25 25
3198 24 26
3199 25 25
3200 24 26
3201 23 27
3202 24 26
3203 24 26
3204 24 26
3205 24 26
3206 24 26
3207 24 26
3208 25 25
3209 26 24
3210 25 25
3211 24 26
3212 24 26
3213 24 26
3214 25 25
3215 26 24
3216 27 23
3217 27 23
3218 27 23
3219 26 24
3220 27 23
3221 26 24
3222 26 24
3223 25 25
3224 25 25
3225 25 25
3226 25 25
3227 25 25
3228 25 25
3229 26 24
3230 26 24
3231 26 24
3232 26 24
3233 26 24
3234 26 24
3235 26 24
3236 26 24
3237 26 24
3238 26 24
3239 25 25
3240 26 24
3241 25 25
3242 25 25
3243 25 25
3244 25 25
3245 25 25
3246 26 24
3247 25 25
3248 25 25
3249 24 26
3250 24 26
3251 25 25
3252 25 25
3253 25 25
3254 26 24
3255 26 24
3256 25 25
3257 25 25
3258 24 26
3259 25 25
3260 26 24
3261 26 24
3262 25 25
3263 25 25
3264 25 25
3265 24 26
3266 25 25
3267 25 25
3268 26 24
3269 26 24
3270 27 23
3271 26 24
3272 26 24
3273 26 24
3274 26 24
3275 25 25
3276 26 24
3277 27 23
3278 26 24
3279 26 24
3280 26 24
3281 25 25
3282 25 25
3283 24 26
3284 24 26
3285 24 26
3286 24 26
3287 25 25
3288 25 25
3289 25 25
3290 25 25
3291 25 25
3292 24 26
3293 23 27
3294 24 26
3295 24 26
3296 25 25
3297 26 24
3298 26 24
3299 27 23
3300 27 23
3301 28 22
3302 28 22
3303 27 23
3304 28 22
3305 27 23
3306 26 24
3307 25 25
3308 25 25
3309 25 25
3310 25 25
3311 26 24
3312 25 25
3313 25 25
3314 25 25
3315 26 24
3316 25 25
3317 24 26
3318 24 26
3319 24 26
3320 23 27
3321 24 26
3322 23 27
3323 23 27
3324 24 26
3325 24 26
3326 25 25
3327 25 25
3328 26 24
3329 26 24
3330 27 23
3331 27 23
3332 28 22
3333 28 22
3334 27 23
3335 26 24
3336 27 23
3337 27 23
3338 27 23
3339 26 24
3340 25 25
3341 25 25
3342 26 24
3343 26 24
3344 27 23
3345 27 23
3346 27 23
3347 26 24
3348 26 24
3349 26 24
3350 25 25
3351 26 24
3352 27 23
3353 27 23
3354 27 23
3355 26 24
3356 27 23
3357 28 22
3358 28 22
3359 27 23
3360 28 22
3361 27 23
3362 28 22
3363 27 23
3364 27 23
3365 27 23
3366 26 24
3367 26 24
3368 26 24
3369 25 25
3370 26 24
3371 26 24
3372 27 23
3373 27 23
3374 27 23
3375 28 22
3376 27 23
3377 28 22
3378 28 22
3379 27 23
3380 27 23
3381 28 22
3382 28 22
3383 29 21
3384 30 20
3385 31 19
3386 31 19
3387 30 20
3388 30 20
3389 30 20
3390 30 20
3391 29 21
3392 30 20
3393 29 21
3394 29 21
3395 29 21
3396 29 21
3397 30 20
3398 30 20
3399 30 20
3400 29 21
3401 29 21
3402 29 21
3403 28 22
3404 28 22
3405 28 22
3406 27 23
3407 27 23
3408 27 23
3409 27 23
3410 28 22
3411 28 22
3412 28 22
3413 29 21
3414 28 22
3415 28 22
3416 29 21
3417 29 21
3418 29 21
3419 29 21
3420 29 21
3421 29 21
3422 28 22
3423 27 23
3424 28 22
3425 28 22
3426 28 22
3427 28 22
3428 27 23
3429 26 24
3430 27 23
3431 27 23
3432 28 22
3433 27 23
3434 27 23
3435 27 23
3436 27 23
3437 26 24
3438 25 25
3439 25 25
3440 24 26
3441 24 26
3442 24 26
3443 24 26
3444 25 25
3445 25 25
3446 25 25
3447 25 25
3448 24 26
3449 24 26
3450 24 26
3451 24 26
3452 23 27
3453 24 26
3454 25 25
3455 25 25
3456 26 24
3457 26 24
3458 27 23
3459 26 24
3460 26 24
3461 26 24
3462 26 24
3463 26 24
3464 26 24
3465 27 23
3466 28 22
3467 27 23
3468 27 23
3469 26 24
3470 27 23
3471 27 23
3472 26 24
3473 27 23
3474 26 24
3475 26 24
3476 26 24
3477 25 25
3478 25 25
3479 25 25
3480 24 26
3481 23 27
3482 24 26
3483 23 27
3484 22 28
3485 23 27
3486 22 28
3487 21 29
3488 21 29
3489 22 28
3490 23 27
3491 23 27
3492 23 27
3493 23 27
3494 23 27
3495 23 27
3496 22 28
3497 21 29
3498 21 29
3499 21 29
3500 20 30
3501 21 29
3502 21 29
3503 21 29
3504 22 28
3505 21 29
3506 21 29
3507 20 30
3508 20 30
3509 19 31
3510 18 32
3511 19 31
3512 18 32
3513 19 31
3514 20 30
3515 20 30
3516 20 30
3517 21 29
3518 20 30
3519 20 30
3520 20 30
3521 21 29
3522 20 30
3523 19 31
3524 20 30
3525 20 30
3526 20 30
3527 20 30
3528 21 29
3529 22 28
3530 22 28
3531 23 27
3532 23 27
3533 22 28
3534 23 27
3535 24 26
3536 24 26
3537 24 26
3538 25 25
3539 26 24
3540 25 25
3541 25 25
3542 26 24
3543 26 24
3544 27 23
3545 28 22
3546 27 23
3547 28 22
3548 29 21
3549 29 21
3550 29 21
3551 30 20
3552 30 20
3553 29 21
3554 29 21
3555 28 22
3556 29 21
3557 29 21
3558 29 21
3559 29 21
3560 29 21
3561 29 21
3562 28 22
3563 27 23
3564 27 23
3565 28 22
3566 27 23
3567 27 23
3568 27 23
3569 27 23
3570 27 23
3571 26 24
3572 25 25
3573 25 25
3574 24 26
3575 25 25
3576 25 25
3577 24 26
3578 24 26
3579 24 26
3580 24 26
3581 25 25
3582 26 24
3583 27 23
3584 27 23
3585 27 23
3586 28 22
3587 29 21
3588 29 21
3589 30 20
3590 30 20
3591 30 20
3592 30 20
3593 31 19
3594 30 20
3595 29 21
3596 28 22
3597 28 22
3598 27 23
3599 27 23
3600 27 23
3601 27 23
3602 26 24
3603 26 24
3604 26 24
3605 26 24
3606 26 24
3607 26 24
3608 26 24
3609 26 24
3610 27 23
3611 27 23
3612 27 23
3613 27 23
3614 28 22
3615 28 22
3616 27 23
3617 28 22
3618 28 22
3619 29 21
3620 30 20
3621 30 20
3622 30 20
3623 30 20
3624 29 21
3625 29 21
3626 28 22
3627 28 22
3628 28 22
3629 29 21
3630 29 21
3631 29 21
3632 29 21
3633 29 21
3634 30 20
3635 29 21
3636 30 20
3637 29 21
3638 29 21
3639 28 22
3640 28 22
3641 28 22
3642 28 22
3643 27 23
3644 28 22
3645 29 21
3646 28 22
3647 28 22
3648 28 22
3649 28 22
3650 27 23
3651 27 23
3652 26 24
3653 25 25
3654 25 25
3655 25 25
3656 24 26
3657 24 26
3658 25 25
3659 25 25
3660 26 24
3661 26 24
3662 27 23
3663 27 23
3664 27 23
3665 26 24
3666 26 24
3667 26 24
3668 27 23
3669 27 23
3670 27 23
3671 27 23
3672 27 23
3673 28 22
3674 28 22
3675 27 23
3676 27 23
3677 28 22
3678 29 21
3679 28 22
3680 28 22
3681 27 23
3682 28 22
3683 27 23
3684 27 23
3685 27 23
3686 26 24
3687 27 23
3688 26 24
3689 26 24
3690 27 23
3691 26 24
3692 26 24
3693 25 25
3694 25 25
3695 24 26
3696 24 26
3697 24 26
3698 23 27
3699 22 28
3700 23 27
3701 23 27
3702 23 27
3703 22 28
3704 22 28
3705 22 28
3706 23 27
3707 23 27
3708 23 27
3709 22 28
3710 22 28
3711 22 28
3712 22 28
3713 22 28
3714 23 27
3715 23 27
3716 23 27
3717 23 27
3718 22 28
3719 23 27
3720 24 26
3721 24 26
3722 24 26
3723 23 27
3724 24 26
3725 24 26
3726 25 25
3727 26 24
3728 27 23
3729 27 23
3730 28 22
3731 28 22
3732 29 21
3733 28 22
3734 28 22
3735 28 22
3736 28 22
3737 27 23
3738 28 22
3739 28 22
3740 28 22
3741 27 23
3742 26 24
3743 27 23
3744 27 23
3745 27 23
3746 27 23
3747 26 24
3748 26 24
3749 25 25
3750 25 25
3751 25 25
3752 24 26
3753 24 26
3754 23 27
3755 23 27
3756 23 27
3757 23 27
3758 23 27
3759 24 26
3760 24 26
3761 23 27
3762 24 26
3763 24 26
3764 24 26
3765 24 26
3766 24 26
3767 25 25
3768 26 24
3769 25 25
3770 26 24
3771 25 25
3772 26 24
3773 26 24
3774 25 25
3775 25 25
3776 25 25
3777 26 24
3778 27 23
3779 27 23
3780 27 23
3781 27 23
3782 27 23
3783 27 23
3784 27 23
3785 27 23
3786 26 24
3787 27 23
3788 27 23
3789 26 24
3790 26 24
3791 25 25
3792 26 24
3793 26 24
3794 26 24
3795 27 23
3796 28 22
3797 28 22
3798 28 22
3799 28 22
3800 27 23
3801 28 22
3802 28 22
3803 28 22
3804 28 22
3805 28 22
3806 28 22
3807 29 21
3808 29 21
3809 30 20
3810 29 21
3811 30 20
3812 30 20
3813 29 21
3814 29 21
3815 29 21
3816 29 21
3817 29 21
3818 28 22
3819 28 22
3820 29 21
3821 28 22
3822 28 22
3823 28 22
3824 28 22
3825 28 22
3826 28 22
3827 28 22
3828 27 23
3829 26 24
3830 26 24
3831 26 24
3832 26 24
3833 26 24
3834 26 24
3835 27 23
3836 26 24
3837 25 25
3838 25 25
3839 25 25
3840 26 24
3841 26 24
3842 25 25
3843 25 25
3844 25 25
3845 24 26
3846 24 26
3847 24 26
3848 24 26
3849 23 27
3850 23 27
3851 23 27
3852 23 27
3853 24 26
3854 25 25
3855 26 24
3856 26 24
3857 25 25
3858 25 25
3859 25 25
3860 24 26
3861 24 26
3862 23 27
3863 24 26
3864 25 25
3865 25 25
3866 25 25
3867 25 25
3868 25 25
3869 24 26
3870 23 27
3871 23 27
3872 23 27
3873 24 26
3874 24 26
3875 23 27
3876 22 28
3877 22 28
3878 21 29
3879 21 29
3880 20 30
3881 19 31
3882 19 31
3883 19 31
3884 19 31
3885 19 31
3886 19 31
3887 19 31
3888 19 31
3889 19 31
3890 20 30
3891 20 30
3892 20 30
3893 20 30
3894 19 31
3895 18 32
3896 18 32
3897 19 31
3898 20 30
3899 20 30
3900 20 30
3901 20 30
3902 20 30
3903 19 31
3904 19 31
3905 18 32
3906 19 31
3907 19 31
3908 18 32
3909 19 31
3910 19 31
3911 18 32
3912 18 32
3913 17 33
3914 17 33
3915 17 33
3916 17 33
3917 18 32
3918 18 32
3919 17 33
3920 18 32
3921 19 31
3922 18 32
3923 18 32
3924 18 32
3925 17 33
3926 17 33
3927 18 32
3928 18 32
3929 17 33
3930 18 32
3931 18 32
3932 19 31
3933 20 30
3934 20 30
3935 20 30
3936 19 31
3937 18 32
3938 19 31
3939 18 32
3940 18 32
3941 19 31
3942 18 32
3943 19 31
3944 19 31
3945 20 30
3946 20 30
3947 20 30
3948 20 30
3949 20 30
3950 20 30
3951 20 30
3952 20 30
3953 20 30
3954 19 31
3955 20 30
3956 21 29
3957 21 29
3958 20 30
3959 20 30
3960 20 30
3961 21 29
3962 21 29
3963 22 28
3964 23 27
3965 23 27
3966 24 26
3967 25 25
3968 26 24
3969 26 24
3970 26 24
3971 26 24
3972 26 24
3973 26 24
3974 25 25
3975 25 25
3976 26 24
3977 27 23
3978 27 23
3979 28 22
3980 29 21
3981 29 21
3982 29 21
3983 29 21
3984 29 21
3985 30 20
3986 31 19
3987 31 19
3988 31 19
3989 31 19
3990 30 20
3991 31 19
3992 30 20
3993 31 19
3994 31 19
3995 31 19
3996 30 20
3997 29 21
3998 28 22
3999 28 22
4000 28 22
4001 28 22
4002 27 23
4003 28 22
4004 28 22
4005 27 23
4006 27 23
4007 26 24
4008 27 23
4009 26 24
4010 25 25
4011 24 26
4012 23 27
4013 23 27
4014 22 28
4015 22 28
4016 23 27
4017 23 27
4018 22 28
4019 22 28
4020 22 28
4021 21 29
4022 22 28
4023 22 28
4024 22 28
4025 22 28
4026 23 27
4027 23 27
4028 24 26
4029 25 25
4030 25 25
4031 26 24
4032 26 24
4033 25 25
4034 25 25
4035 25 25
4036 26 24
4037 25 25
4038 25 25
4039 24 26
4040 24 26
4041 25 25
4042 25 25
4043 25 25
4044 24 26
4045 24 26
4046 24 26
4047 24 26
4048 23 27
4049 24 26
4050 23 27
4051 23 27
4052 22 28
4053 21 29
4054 21 29
4055 21 29
4056 21 29
4057 21 29
4058 20 30
4059 20 30
4060 21 29
4061 21 29
4062 21 29
4063 22 28
4064 22 28
4065 23 27
4066 22 28
4067 23 27
4068 24 26
4069 23 27
4070 23 27
4071 24 26
4072 25 25
4073 25 25
4074 26 24
4075 26 24
4076 27 23
4077 27 23
4078 26 24
4079 27 23
4080 28 22
4081 29 21
4082 28 22
4083 28 22
4084 28 22
4085 27 23
4086 26 24
4087 26 24
4088 27 23
4089 26 24
4090 25 25
4091 25 25
4092 26 24
4093 26 24
4094 25 25
4095 25 25
4096 24 26
4097 24 26
4098 25 25
4099 25 25
4100 25 25
4101 25 25
4102 26 24
4103 25 25
4104 24 26
4105 24 26
4106 24 26
4107 25 25
4108 25 25
4109 25 25
4110 26 24
4111 26 24
4112 25 25
4113 24 26
4114 24 26
4115 24 26
4116 23 27
4117 23 27
4118 23 27
4119 23 27
4120 23 27
4121 23 27
4122 22 28
4123 22 28
4124 22 28
4125 22 28
4126 22 28
4127 22 28
4128 21 29
4129 21 29
4130 21 29
4131 20 30
4132 20 30
4133 19 31
4134 19 31
4135 20 30
4136 20 30
4137 21 29
4138 20 30
4139 20 30
4140 21 29
4141 22 28
4142 23 27
4143 24 26
4144 25 25
4145 25 25
4146 25 25
4147 25 25
4148 25 25
4149 25 25
4150 25 25
4151 26 24
4152 26 24
4153 27 23
4154 27 23
4155 26 24
4156 27 23
4157 26 24
4158 27 23
4159 26 24
4160 25 25
4161 26 24
4162 27 23
4163 28 22
4164 29 21
4165 29 21
4166 29 21
4167 29 21
4168 28 22
4169 28 22
4170 27 23
4171 28 22
4172 27 23
4173 27 23
4174 28 22
4175 29 21
4176 28 22
4177 27 23
4178 28 22
4179 27 23
4180 26 24
4181 26 24
4182 26 24
4183 27 23
4184 28 22
4185 27 23
4186 27 23
4187 27 23
4188 28 22
4189 27 23
4190 27 23
4191 27 23
4192 26 24
4193 26 24
4194 27 23
4195 28 22
4196 28 22
4197 28 22
4198 27 23
4199 26 24
4200 25 25
4201 26 24
4202 26 24
4203 27 23
4204 27 23
4205 27 23
4206 27 23
4207 26 24
4208 26 24
4209 27 23
4210 27 23
4211 27 23
4212 27 23
4213 26 24
4214 25 25
4215 26 24
4216 26 24
4217 25 25
4218 25 25
4219 26 24
4220 25 25
4221 24 26
4222 24 26
4223 24 26
4224 23 27
4225 23 27
4226 23 27
4227 24 26
4228 25 25
4229 26 24
4230 26 24
4231 27 23
4232 27 23
4233 26 24
4234 25 25
4235 24 26
4236 23 27
4237 23 27
4238 24 26
4239 25 25
4240 25 25
4241 24 26
4242 24 26
4243 24 26
4244 24 26
4245 24 26
4246 24 26
4247 24 26
4248 23 27
4249 23 27
4250 23 27
4251 22 28
4252 21 29
4253 21 29
4254 22 28
4255 22 28
4256 23 27
4257 23 27
4258 24 26
4259 24 26
4260 24 26
4261 24 26
4262 24 26
4263 24 26
4264 24 26
4265 25 25
4266 25 25
4267 25 25
4268 25 25
4269 26 24
4270 25 25
4271 25 25
4272 25 25
4273 25 25
4274 26 24
4275 27 23
4276 26 24
4277 25 25
4278 25 25
4279 25 25
4280 24 26
4281 24 26
4282 24 26
4283 24 26
4284 25 25
4285 26 24
4286 27 23
4287 26 24
4288 25 25
4289 25 25
4290 26 24
4291 25 25
4292 25 25
4293 26 24
4294 26 24
4295 25 25
4296 25 25
4297 26 24
4298 25 25
4299 25 25
4300 26 24
4301 27 23
4302 26 24
4303 25 25
4304 24 26
4305 24 26
4306 24 26
4307 24 26
4308 24 26
4309 23 27
4310 23 27
4311 22 28
4312 22 28
4313 22 28
4314 21 29
4315 20 30
4316 20 30
4317 20 30
4318 20 30
4319 20 30
4320 20 30
4321 19 31
4322 19 31
4323 20 30
4324 20 30
4325 19 31
4326 19 31
4327 18 32
4328 18 32
4329 17 33
4330 16 34
4331 17 33
4332 17 33
4333 17 33
4334 17 33
4335 16 34
4336 17 33
4337 18 32
4338 18 32
4339 19 31
4340 19 31
4341 18 32
4342 17 33
4343 18 32
4344 18 32
4345 17 33
4346 18 32
4347 18 32
4348 19 31
4349 18 32
4350 19 31
4351 19 31
4352 20 30
4353 21 29
4354 22 28
4355 23 27
4356 23 27
4357 24 26
4358 23 27
4359 23 27
4360 24 26
4361 24 26
4362 25 25
4363 25 25
4364 25 25
4365 25 25
4366 24 26
4367 25 25
4368 25 25
4369 26 24
4370 26 24
4371 26 24
4372 26 24
4373 27 23
4374 28 22
4375 28 22
4376 27 23
4377 27 23
4378 27 23
4379 26 24
4380 27 23
4381 27 23
4382 26 24
4383 27 23
4384 28 22
4385 29 21
4386 30 20
4387 29 21
4388 28 22
4389 27 23
4390 28 22
4391 29 21
4392 29 21
4393 29 21
4394 30 20
4395 31 19
4396 32 18
4397 32 18
4398 32 18
4399 32 18
4400 33 17
4401 34 16
4402 34 16
4403 34 16
4404 35 15
4405 35 15
4406 36 14
4407 37 13
4408 37 13
4409 36 14
4410 35 15
4411 34 16
4412 33 17
4413 32 18
4414 33 17
4415 34 16
4416 34 16
4417 33 17
4418 33 17
4419 33 17
4420 33 17
4421 32 18
4422 32 18
4423 31 19
4424 32 18
4425 31 19
4426 31 19
4427 31 19
4428 30 20
4429 31 19
4430 31 19
4431 31 19
4432 31 19
4433 32 18
4434 32 18
4435 31 19
4436 31 19
4437 31 19
4438 31 19
4439 31 19
4440 32 18
4441 33 17
4442 32 18
4443 32 18
4444 31 19
4445 31 19
4446 32 18
4447 32 18
4448 32 18
4449 32 18
4450 32 18
4451 32 18
4452 32 18
4453 32 18
4454 31 19
4455 32 18
4456 32 18
4457 31 19
4458 30 20
4459 29 21
4460 29 21
4461 30 20
4462 31 19
4463 31 19
4464 31 19
4465 32 18
4466 32 18
4467 32 18
4468 33 17
4469 33 17
4470 33 17
4471 33 17
4472 34 16
4473 34 16
4474 33 17
4475 33 17
4476 33 17
4477 34 16
4478 33 17
4479 33 17
4480 34 16
4481 34 16
4482 34 16
4483 34 16
4484 33 17
4485 32 18
4486 31 19
4487 32 18
4488 32 18
4489 31 19
4490 30 20
4491 31 19
4492 31 19
4493 31 19
4494 30 20
4495 30 20
4496 30 20
4497 30 20
4498 30 20
4499 31 19
4500 31 19
4501 31 19
4502 31 19
4503 30 20
4504 31 19
4505 31 19
4506 32 18
4507 32 18
4508 32 18
4509 31 19
4510 31 19
4511 32 18
4512 31 19
4513 31 19
4514 31 19
4515 31 19
4516 31 19
4517 30 20
4518 30 20
4519 30 20
4520 29 21
4521 30 20
4522 30 20
4523 30 20
4524 30 20
4525 30 20
4526 30 20
4527 30 20
4528 31 19
4529 30 20
4530 30 20
4531 29 21
4532 29 21
4533 29 21
4534 28 22
4535 28 22
4536 27 23
4537 28 22
4538 27 23
4539 26 24
4540 26 24
4541 26 24
4542 27 23
4543 26 24
4544 25 25
4545 25 25
4546 25 25
4547 25 25
4548 26 24
4549 26 24
4550 27 23
4551 27 23
4552 28 22
4553 28 22
4554 28 22
4555 27 23
4556 28 22
4557 28 22
4558 28 22
4559 28 22
4560 28 22
4561 29 21
4562 29 21
4563 30 20
4564 30 20
4565 31 19
4566 30 20
4567 29 21
4568 29 21
4569 30 20
4570 29 21
4571 29 21
4572 29 21
4573 29 21
4574 29 21
4575 28 22
4576 28 22
4577 28 22
4578 27 23
4579 26 24
4580 25 25
4581 25 25
4582 25 25
4583 25 25
4584 25 25
4585 26 24
4586 27 23
4587 28 22
4588 28 22
4589 27 23
4590 27 23
4591 26 24
4592 25 25
4593 25 25
4594 25 25
4595 25 25
4596 26 24
4597 25 25
4598 26 24
4599 27 23
4600 26 24
4601 25 25
4602 25 25
4603 25 25
4604 25 25
4605 26 24
4606 25 25
4607 25 25
4608 26 24
4609 27 23
4610 27 23
4611 26 24
4612 25 25
4613 25 25
4614 24 26
4615 23 27
4616 22 28
4617 22 28
4618 22 28
4619 22 28
4620 22 28
4621 22 28
4622 21 29
4623 20 30
4624 20 30
4625 21 29
4626 22 28
4627 22 28
4628 22 28
4629 21 29
4630 22 28
4631 21 29
4632 21 29
4633 21 29
4634 21 29
4635 22 28
4636 23 27
4637 23 27
4638 22 28
4639 21 29
4640 21 29
4641 21 29
4642 22 28
4643 22 28
4644 23 27
4645 22 28
4646 21 29
4647 22 28
4648 23 27
4649 24 26
4650 25 25
4651 25 25
4652 25 25
4653 25 25
4654 24 26
4655 25 25
4656 25 25
4657 25 25
4658 24 26
4659 25 25
4660 24 26
4661 24 26
4662 23 27
4663 24 26
4664 23 27
4665 22 28
4666 23 27
4667 22 28
4668 22 28
4669 21 29
4670 21 29
4671 22 28
4672 22 28
4673 23 27
4674 23 27
4675 22 28
4676 22 28
4677 23 27
4678 22 28
4679 22 28
4680 22 28
4681 23 27
4682 23 27
4683 24 26
4684 23 27
4685 22 28
4686 22 28
4687 23 27
4688 23 27
4689 22 28
4690 22 28
4691 22 28
4692 23 27
4693 24 26
4694 24 26
4695 24 26
4696 24 26
4697 24 26
4698 25 25
4699 25 25
4700 25 25
4701 25 25
4702 26 24
4703 26 24
4704 25 25
4705 26 24
4706 25 25
4707 25 25
4708 25 25
4709 25 25
4710 25 25
4711 25 25
4712 24 26
4713 25 25
4714 25 25
4715 24 26
4716 25 25
4717 26 24
4718 26 24
4719 26 24
4720 27 23
4721 26 24
4722 25 25
4723 25 25
4724 26 24
4725 26 24
4726 26 24
4727 26 24
4728 27 23
4729 27 23
4730 27 23
4731 27 23
4732 27 23
4733 28 22
4734 27 23
4735 27 23
4736 26 24
4737 27 23
4738 28 22
4739 28 22
4740 29 21
4741 28 22
4742 28 22
4743 28 22
4744 28 22
4745 28 22
4746 27 23
4747 27 23
4748 27 23
4749 27 23
4750 27 23
4751 26 24
4752 25 25
4753 24 26
4754 25 25
4755 25 25
4756 25 25
4757 26 24
4758 25 25
4759 25 25
4760 25 25
4761 24 26
4762 25 25
4763 25 25
4764 24 26
4765 24 26
4766 25 25
4767 24 26
4768 24 26
4769 24 26
4770 25 25
4771 25 25
4772 25 25
4773 25 25
4774 25 25
4775 25 25
4776 24 26
4777 24 26
4778 24 26
4779 24 26
4780 24 26
4781 25 25
4782 24 26
4783 24 26
4784 24 26
4785 24 26
4786 24 26
4787 25 25
4788 25 25
4789 25 25
4790 24 26
4791 24 26
4792 23 27
4793 23 27
4794 23 27
4795 24 26
4796 24 26
4797 24 26
4798 24 26
4799 24 26
4800 25 25
4801 24 26
4802 25 25
4803 24 26
4804 23 27
4805 23 27
4806 24 26
4807 25 25
4808 26 24
4809 25 25
4810 25 25
4811 25 25
4812 26 24
4813 26 24
4814 25 25
4815 25 25
4816 26 24
4817 25 25
4818 24 26
4819 25 25
4820 25 25
4821 26 24
4822 25 25
4823 26 24
4824 25 25
4825 24 26
4826 24 26
4827 24 26
4828 23 27
4829 22 28
4830 22 28
4831 21 29
4832 22 28
4833 23 27
4834 22 28
4835 23 27
4836 23 27
4837 23 27
4838 23 27
4839 22 28
4840 21 29
4841 21 29
4842 20 30
4843 19 31
4844 20 30
4845 20 30
4846 21 29
4847 21 29
4848 22 28
4849 22 28
4850 22 28
4851 21 29
4852 21 29
4853 20 30
4854 21 29
4855 21 29
4856 22 28
4857 21 29
4858 21 29
4859 21 29
4860 20 30
4861 20 30
4862 21 29
4863 21 29
4864 21 29
4865 21 29
4866 22 28
4867 23 27
4868 24 26
4869 24 26
4870 23 27
4871 23 27
4872 24 26
4873 24 26
4874 23 27
4875 22 28
4876 22 28
4877 23 27
4878 23 27
4879 22 28
4880 21 29
4881 20 30
4882 20 30
4883 20 30
4884 20 30
4885 20 30
4886 20 30
4887 19 31
4888 19 31
4889 18 32
4890 18 32
4891 18 32
4892 19 31
4893 19 31
4894 19 31
4895 19 31
4896 19 31
4897 19 31
4898 20 30
4899 20 30
4900 20 30
4901 20 30
4902 20 30
4903 19 31
4904 20 30
4905 20 30
4906 20 30
4907 20 30
4908 20 30
4909 20 30
4910 20 30
4911 21 29
4912 21 29
4913 21 29
4914 22 28
4915 22 28
4916 23 27
4917 24 26
4918 25 25
4919 26 24
4920 26 24
4921 26 24
4922 26 24
4923 25 25
4924 25 25
4925 26 24
4926 26 24
4927 25 25
4928 24 26
4929 24 26
4930 23 27
4931 22 28
4932 22 28
4933 22 28
4934 23 27
4935 24 26
4936 25 25
4937 26 24
4938 26 24
4939 26 24
4940 26 24
4941 26 24
4942 26 24
4943 27 23
4944 27 23
4945 27 23
4946 28 22
4947 28 22
4948 28 22
4949 28 22
4950 28 22
4951 28 22
4952 28 22
4953 28 22
4954 29 21
4955 29 21
4956 29 21
4957 29 21
4958 29 21
4959 30 20
4960 30 20
4961 30 20
4962 30 20
4963 29 21
4964 29 21
4965 29 21
4966 29 21
4967 28 22
4968 29 21
4969 28 22
4970 29 21
4971 30 20
4972 30 20
4973 30 20
4974 29 21
4975 28 22
4976 29 21
4977 29 21
4978 30 20
4979 30 20
4980 30 20
4981 30 20
4982 30 20
4983 30 20
4984 31 19
4985 30 20
4986 30 20
4987 30 20
4988 30 20
4989 31 19
4990 32 18
4991 32 18
4992 33 17
4993 34 16
4994 33 17
4995 34 16
4996 34 16
4997 35 15
4998 34 16
4999 34 16
5000 34 16
