0.045951059540489406
0.2760389672396103
0.8662545413374546
0.533005394669946
0.1939073380609266
0.0745284192547158
0.43620483563795165
0.7183082128169179
0.22182376778176233
0.20674483793255163
0.6525633634743664
0.9117812808821872
0.1844982281550177
0.7174497128255028
0.6355725836442742
0.2386436876135631
0.568706194312938
0.1640752283592477
0.0052865799471342005
0.2950775170492248
0.67803300321967
0.54680299453197
0.9315881706841183
0.9500157604998424
0.9721082802789172
0.5642062243579378
0.5511394144886058
0.44888600551113994
0.5752584142474159
0.5822434241775658
0.8739088512609114
0.6155845738441542
0.11289637887103621
0.5813156741868433
0.30097335699026645
0.11824916881750831
0.17419873825801263
0.07061345929386541
0.49991956500080437
0.0054263799457362006
0.7428520225714798
0.172104198278958
0.0018330799816692002
0.31988139680118605
0.29410479705895204
0.27341647726583523
0.9762422702375773
0.42497039575029605
0.07403247925967521
0.17370058826299412
0.8746966712530333
0.8616250113837499
0.6714723932852761
0.7753265222467348
0.05554965944450341
0.8182040518179595
0.6002688539973114
0.6972734330272656
0.14847198851528012
0.033067899669321006
0.4089201059107989
0.1808234181917658
0.5992139340078606
0.49376936506230634
0.6509815634901843
0.27258581727414183
0.9019635509803645
0.8444762315552377
0.2841984471580155
0.16940712830592872
0.44627826553721733
0.895663501043365
0.4714613452853865
0.3064503669354963
0.14527798854722013
0.33882212661177874
0.15353714846462851
0.10331947896680521
0.048130579518694205
0.9570069904299301
0.7790813722091863
0.20441803795581961
0.48666113513338866
0.13167428868325712
0.8198763618012364
0.43736262562637374
0.1849880181501198
0.8565332214346678
0.39244103607558967
0.26162098738379014
0.26305400736945994
0.5477427545225725
0.6494749435052506
0.5676342843236571
0.35692580643074195
0.03513099964869
0.6957633930423661
0.6015195439848046
0.5998911440010886
0.7960217620397824
0.9521006704789933
0.9378690206213098
0.701463702985363
0.31784403682155965
0.6454647835453522
0.2769761772302382
0.9991513500084865
0.22606279773937202
0.9204644507953554
0.3916721660832783
0.8211287417887125
0.5899363541006365
0.8432701815672982
0.21824250781757493
0.2331194676688053
0.5140370248596298
0.7811862421881376
0.6241951437580485
0.5879710641202893
0.9743136502568635
0.1219080287809197
0.23651077763489223
0.11901805880981942
0.1367030486329695
0.9086210709137893
0.3979415460205845
0.07357184926428151
0.8599554814004452
0.15025331849746681
0.46301227536987727
0.7925062420749376
0.9519509804804902
0.057122569428774306
0.18759041812409583
0.7128796128712038
0.3170335368296646
0.5728454442715456
0.4563369654366303
0.10432968895670311
0.8814804811851952
0.7640445723595543
0.7817472621825273
0.46561552534384476
0.7738053622619464
0.807983501920165
0.97544100024559
0.5355576646444233
0.9287131407128686
0.0783240592167594
0.24226035757739642
0.47310950526890494
0.48745936512540633
0.23509817764901822
0.7357313026426869
0.6817480631825193
0.9850056101499439
0.20251098797489012
0.7021207629787923
0.2635702173642978
0.0374878396251216
0.687922903120771
0.9578336904216631
0.09696885903031141
0.1579474584205254
0.602212893977871
0.8261799117382009
0.8653956313460437
0.2715033672849663
0.6780296732197033
0.6571997434280026
0.44633725553662745
0.8265965217340348
0.12627313873726861
0.8354544816454552
0.2323177276768227
0.8031330219686698
0.5864305641356944
0.0843908591560914
7.655999923440001e-05
0.9669356403306436
0.0465848595341514
0.2637614673623853
0.5638740343612596
0.16117655838823441
0.5035776149642238
0.9340930506590694
0.6020750839792491
0.6448707935512921
0.22478361775216382
0.0945448890545511
0.32586308674136916
0.7829802721701973
0.8451215815487841
0.11195905888040941
0.030687399693126
0.21893035781069642
0.5621898443781016
0.7549150724508493
0.8518600614813994
0.20702616792973833
0.0989383390106166
0.7030638629693614
0.8732494712675053
0.007727879922721201
0.38017385619826144
0.29206416707935834
0.9751227402487725
0.065921899340781
0.31406173685938266
0.6948572830514271
0.08010259919897401
0.6382664536173355
0.8441063115589369
0.48497631515023687
0.28526172714738274
0.24714660752853393
0.06217811937821881
0.651785203482148
0.1413438185865618
0.6574098534259014
0.7737985622620144
0.18913660810863392
0.33867634661323653
0.5732851742671483
0.697907503020925
0.895717101042829
0.8246751717532483
0.33633675663663243
0.19570179804298202
0.030322969696770303
0.8052452419475475
0.1552614884473851
0.47294397527056026
0.8856542911434571
0.022849319771506803
0.5801241641987583
0.13160050868399492
0.12287504877124951
0.30483521695164784
0.43825899561741005
0.824379301756207
0.23177730768222693
0.43985835560141645
0.6909071530909284
0.5732546242674538
0.22784173772158262
0.7783171022168289
0.7502212924977871
0.4054228259457717
0.860288491397115
0.6112756238872438
0.32723919672760804
0.46481595535184045
0.6444515835554842
0.8266733817332662
0.4559300554406994
0.22372624776273753
0.6211613137883869
0.7205290327947097
0.8949140610508594
0.6834364031656359
0.7650680723493193
0.0921673090783269
0.06903592930964071
0.1111992288880077
0.0772226292277737
0.3948238060517619
0.1385837286141627
0.147363398526366
0.8848581511514185
0.13310084866899152
0.7350654126493459
0.5544612444553876
0.5311106446888936
0.4239054757609452
0.13894780861052192
0.7868667121313329
0.12676687873233122
0.5971808840281911
0.5623249443767505
0.5048179849518202
0.8480284815197152
0.7987748120122519
0.4791721652082783
0.1907263080927369
0.32360435676395644
0.9417566405824336
0.38222572617774275
0.32077822679221774
0.5248249447517506
0.5127912748720872
0.49529861504701383
0.6729221132707789
0.9584359604156404
0.34374102656258976
0.6832737631672624
0.2153300478466995
0.19663396803366032
0.5782418442175815
0.7999454420005456
0.10182179898178201
0.9279381107206189
0.6881388931186111
0.33377644666223555
0.9604064303959357
0.5068036149319638
0.975316600246834
0.5436748245632518
0.22928291770717082
0.8891148211088518
0.39140873608591265
0.9746115602538844
0.044499409555005906
0.7289337327106626
0.6363026336369737
0.8351501116484988
0.7516355524836444
0.44548180554518196
0.12099093879009061
0.27336523726634765
0.9056677809433222
0.3934353060656469
0.5098265149017348
0.5684489143155108
0.5195362448046376
0.46064266539357335
0.0524980394750196
0.13663007863369922
0.21931255780687442
0.046584709534152904
0.8661040613389593
0.8131953318680467
0.75495400245046
0.9296458807035411
0.9137754708622453
0.835818591641814
0.728444702715553
0.6006170339938297
0.6600576833994232
0.9349123306508766
0.8624502213754978
0.7381406726185933
0.33597530664024694
0.35654592643454075
0.7047675329523246
0.0423423795765762
0.35122565648774345
0.7441731825582681
0.8532478814675212
0.08975540910244591
0.826903401730966
0.7382959626170403
0.11278108887218911
0.4722259552777405
0.8705218612947814
0.9857654501423455
0.7874797821252022
0.2064743679352563
0.9721306702786933
0.08667014913329851
0.18550179814498202
0.670763403292366
0.1001729489982705
0.2805177871948221
0.5175963248240367
0.7680307323196927
0.665569703344303
0.9319957506800425
0.44531748554682515
0.6227910637720894
0.52655499473445
0.4988443650115563
0.6072069139279309
0.9255180107448199
0.35739355642606446
0.0478153795218462
0.16282316837176833
0.0013125799868742001
0.14556774854432253
0.9043746309562537
0.5843949841560502
0.0882493591175064
0.2760403872395961
0.44381113556188867
0.1033559789664402
0.013727849862721502
0.6709318832906812
0.8107619718923803
0.5121222648787773
0.8153419718465803
0.061273279387267204
0.6733864732661353
0.9250791507492085
0.5668072143319278
0.8213391117866089
0.11601232883987671
0.8885199411148006
0.293913597060864
0.8732864712671353
0.32660128673398714
0.08992873910071261
0.3435032065649679
0.30764759692352406
0.48251542517484575
0.7524675524753245
0.8333177316668227
0.13712946862870531
0.5399302146006979
0.5397794946022051
0.2824380671756193
0.9283854307161457
0.7864022221359778
0.06101882938981171
0.7783176622168234
0.1459447485405525
0.33014115669858846
0.10870962891290371
0.8295785417042146
0.42812551571874485
0.5224118447758815
0.21684046783159533
0.887269401127306
0.40896063591039367
0.7514868624851314
0.7030656729693433
0.2773100372268996
0.1680255483197445
0.6037824639621754
0.6512552234874478
0.1493123785068762
0.11141737888582622
0.44219171557808284
0.9685215703147843
0.970152910298471
0.5312145246878548
0.027493769725062303
0.7328641826713582
0.2606806773931932
0.41683119583168804
0.8282306617176933
0.3152351568476484
0.9554635404453646
0.27960963720390364
0.22379972776200271
0.6688879333111206
0.3922773560772264
0.5756663342433367
0.7844574721554253
0.7181579428184206
0.31076131689238684
0.860339291396607
0.928611200713888
0.2995832070041679
0.5515718544842815
0.20695243793047563
0.8677089113229108
0.7835412721645872
0.5605772843942272
0.34467658655323413
0.43085884569141153
0.5140050848599491
0.7827544521724554
0.6692041233079588
0.17764786822352133
0.804077801959222
0.14462419855375802
0.8025394919746051
0.5120771748792282
0.5110064948899351
0.3902519560974804
0.08119292918807071
0.636263703637363
0.6203964237960358
0.5912882640871173
0.6552320934476791
0.49518248504817514
0.22713732772862671
0.6616192733838072
0.7460257625397424
0.08747759912522401
0.8316149516838505
0.9683503303164966
0.6632440733675593
0.8281483517185165
0.5860559541394404
0.46109371538906285
0.011039869889601301
0.39844312601556875
0.5837456341625437
0.943440500565595
0.668967803310322
0.4250304357496956
0.6185687238143127
0.3617912563820874
0.5280829247191707
0.38915828610841713
0.05872675941273241
0.21797868782021312
0.910548200894518
0.8623436413765636
0.7934758720652413
0.8271088217289118
0.30226227697737723
0.6094225639057743
0.6959663230403368
0.0006979899930201001
0.7310956026890439
0.3525111464748885
0.8006619719933803
0.6191764038082359
0.030688679693113202
0.6942785730572143
0.5242213247577867
0.0063775499362245
0.035081739649182604
0.6062614139373859
0.3859216361407836
0.15911412840885872
0.17068658829313413
0.7650131923498681
0.873464401265356
0.9909076300909238
0.49116196508838034
0.7773651522263485
0.621524803784752
0.5557891344421086
0.7955171320448287
0.5478212745217873
0.4855047351449526
0.8577906514220934
0.9967356700326433
0.1181022388189776
0.49960473500395264
0.21377667786223323
0.5811219941887801
0.6527150734728493
0.41330290586697094
0.8342149316578507
0.8583382314166177
0.7003033329969667
0.026326809736731904
0.13871387861286122
0.861949891380501
0.4834763751652362
0.44970791550292083
0.19127186808728133
0.8409289515907105
0.5521125844788741
0.9632007603679924
0.6337762936622371
0.32179434678205654
0.7053318529466814
0.9796101302038986
0.2433527675664723
0.41745252582547476
0.6390101536098984
0.7033177029668229
0.4213400357865996
0.44882348551176515
0.2800582471994175
0.0416352595836474
0.38545959614540404
0.7177049928229501
0.33392945666070545
0.5895875741041242
0.9912046100879539
0.020863149791368503
0.35940723640592764
0.47927950520720497
0.32657094673429055
0.5763994442360055
0.14810309851896902
0.877439701225603
0.34262755657372446
0.3447922765520772
0.5159396748406032
0.3652054263479457
0.6524789234752107
0.36771389632286106
0.10430390895696091
0.39265536607344637
0.5176206348237936
0.565514904344851
0.21559537784404623
0.040753269592467306
0.9137765208622348
0.6014335139856649
0.0735353792646462
0.7742230922577691
0.6605649833943502
0.037471099625289
0.7255468427445315
0.39588745604112546
0.8279330417206696
0.9034355209656448
0.9370372706296273
0.8808006211919938
0.9003571409964286
0.7504840524951595
0.06857483931425161
0.8005867819941321
0.5972447140275529
0.7182392928176071
0.26390883736091164
0.961097890389021
0.6879745131202548
0.3404668365953316
0.6539020734609793
0.03952161960478381
0.33765155662348445
0.25721393742786064
0.049775259502247406
0.8854961811450381
0.5254569947454301
0.7471149025288509
0.4141089658589103
0.7783133422168665
0.34373833656261665
0.9670781603292185
0.1293869387061306
0.8025848119741519
0.6546548534534514
0.20098004799019953
0.776585202234148
0.9162134408378656
0.2775873272241267
0.9811495801885042
0.5718033542819665
0.9961473600385264
0.7690845723091543
0.7593013224069868
0.44637516553624834
0.19415149805848503
0.7583840124161598
0.609108403908916
0.6320998236790017
0.41399514586004854
0.8544827814551722
0.7517787624822124
0.4342676356573236
0.3047724169522758
0.0626067293739327
0.09233440907665591
0.555366404446336
0.6852734031472659
0.8122703418772966
0.023752469762475303
0.6354349836456502
0.7385481326145187
0.8317988116820119
0.33737277662627224
0.4127800458721995
0.5966302140336979
0.8678852513211475
0.23479465765205343
0.1424254385757456
0.07682401923175981
0.37008318629916814
0.34947489650525104
0.6109874138901259
0.1514029384859706
0.8907039210929608
0.3735657162643428
0.9078734609212654
0.1248129387518706
0.8066031519339685
0.9789304602106954
0.7499624625003753
0.6055428739445713
0.16309881836901183
0.08969215910307841
0.5766466542335335
0.32308777676912226
0.1450691085493089
0.5837095441629045
0.24704734752952653
0.13879803861201961
0.5421573045784269
0.8978186110218139
0.8628270213717298
0.7005001729949982
0.631895103681049
0.736193202638068
0.5610966643890334
0.29657933703420664
0.8876542511234575
0.35194278648057215
0.8118114018818859
0.23966334760336652
0.4862691751373083
0.5160808248391917
0.23737748762622513
0.746372892536271
0.6713141532868585
0.7900279620997204
0.28291797717082023
0.5269093847309062
0.5880328241196717
0.7361314426386856
0.795137102048629
0.0227438497725615
0.5590866044091339
0.3175215768247842
0.8604640813953592
0.6118827638811724
0.40128981598710184
0.10893512891064872
0.3239296867607031
0.0507155094928449
0.21258032787419673
0.38399250616007496
0.025303719746962803
0.375090496249095
0.22187046778129532
0.8974668810253312
0.9352954306470457
0.37211386627886134
0.4571430554285694
0.4200811257991887
0.5798258542017415
0.9599990704000093
0.26122691738773085
0.3935693260643067
0.3633522063664779
0.5508868844911311
0.19419045805809543
0.0022452899775471003
0.0079074399209256
0.40687400593125994
0.13959784860402152
0.9419685305803147
0.24799564752004352
0.44201694557983057
0.9759640202403598
0.3026075369739246
0.38428121615718785
0.17111565828884343
0.7813781421862186
0.058797509412024905
0.23882184761178152
0.21051394789486053
0.910591500894085
0.1375907186240928
0.35787035642129644
0.3482174665178253
0.32513581674864184
0.964926600350734
0.49621989503780106
0.5573859844261402
0.5109240748907593
0.27820312721796875
0.27731560722684395
0.21327746786722532
0.8867395211326048
0.8248099917519001
0.87799999122
0.190537598094624
0.3947239060527609
0.0380125296198747
0.0042233699577663006
0.29465768705342316
0.6812694731873052
0.7193159328068407
0.16654908833450913
0.6972971330270287
0.5507563844924361
0.29455912705440873
0.07522900924770991
0.714228092857719
0.5451601845483982
0.0505238594947614
0.6509233334907667
0.24523770754762292
0.14376420856235791
0.26052843739471565
0.7583043324169567
0.52893399471066
0.31359626686403735
0.9282477307175226
0.013474509865254902
0.6001149139988509
0.5185183148148168
0.28728213712717865
0.11495788885042112
0.6523458634765413
0.46817883531821164
0.4712394152876058
0.063822899361771
0.5965717440342826
0.7670270723297293
0.5687445543125544
0.9926222400737776
0.9240280107597199
0.8166265318337347
0.22025671779743283
0.40605239593947606
0.2073250879267491
0.6537251834627482
0.24221890757781092
0.2248823177511768
0.31322309686776906
0.020354549796454503
0.5224942447750576
0.7746106922538931
0.4310781256892187
0.5311811746881883
0.46940250530597494
0.6523056234769438
0.988229500117705
0.23817608761823914
0.4125354158746458
0.32870902671290975
0.16480261835197382
0.34338878656611216
0.6687932333120676
0.33276322667236774
0.45888070541119297
0.8341954816580451
0.8805006311949937
0.059002299409977005
0.7330941626690584
0.09005415909945841
0.9043973109560269
0.8469493915305061
0.5520308744796912
0.1574309084256909
0.4946005550539945
0.7962824220371758
0.5868003641319963
0.4350177556498224
0.997503310024967
0.26897880731021195
0.656025893439741
0.45731950542680494
0.643198793568012
0.5198719348012807
0.9644863903551361
0.7673485323265147
0.4158458258415417
0.2237966277620337
0.9186641408133586
0.20851105791488941
0.5943219440567805
0.6000616039993839
0.0950764790492352
0.4673041453269585
0.19253385807466142
0.31125094688749055
0.5425902445740975
0.5337730946622691
0.17095444829045553
0.22352203776477964
0.5200356847996431
0.7247084227529158
0.9601226503987735
0.9509875804901242
0.08689019913109801
0.789904602100954
0.18409524815904751
0.9020064709799352
0.9484344605156554
0.6402563835974362
0.0189895698101043
0.3793115362068846
0.23515936764840634
0.2227377277726227
0.8385635816143642
0.4610130853898691
0.23018205769817943
0.3794460062055399
0.48067351519326484
0.6332069936679301
0.39799596602004034
0.9210947507890525
0.9695017703049823
0.9026490409735096
0.36926065630739346
0.2354500476454995
0.5873549241264507
0.1531032284689677
0.7183787328162127
0.7971741320282587
0.7085702729142973
0.9172719408272806
0.879382701206173
0.939093200609068
0.42850385571496147
0.15348977846510223
0.3450823865491761
0.7899039721009603
0.06907651930923481
0.7410987425890125
0.42944374570556254
0.12796462872035372
0.26195867738041323
0.7204827227951728
0.2010881079891189
0.014362289856377101
0.2746462872535371
0.3445617265543827
0.8661046513389535
0.24140928758590713
0.8628769113712309
0.9870531301294687
0.8427659315723407
0.48032475519675244
0.29417899705821005
0.42884239571157606
0.35742117642578825
0.05175199948248001
0.18938380810616193
0.27470463725295363
0.7068851129311489
0.3559410364405896
0.5679641043203589
0.518408904815911
0.4779627752203722
0.3172162768278372
0.0003004399969956
0.5830809341691907
0.526603104733969
0.41972201580277985
0.6690297433097026
0.9834438901655611
0.24886521751134782
0.9547929104520709
0.32666199673338003
0.09212368907876312
0.009352569906474302
0.06190442938095571
0.6120203538797965
0.47612951523870484
0.5395012846049871
0.2406273075937269
0.2125983178740168
0.5931162640688373
0.3234074867659251
0.370317096296829
0.9453977505460225
0.5762956442370436
0.6652853233471467
0.27246115727538844
0.17023115829768842
0.23257298767427012
0.938748500612515
0.38072664619273355
0.9530071104699289
0.9647718803522812
0.0332717596672824
0.1904149380958506
0.23798840762011592
0.7256632527433675
0.508972204910278
0.13440197865598022
0.7687779723122202
0.49865992501340073
0.9302475806975242
0.42097673579023265
0.6023858739761413
0.6896452331035476
0.7786225722137743
0.6746741032532589
0.9318240506817594
0.3228448467715515
0.9045782109542179
0.1037171489628285
0.47401815525981844
0.32965885670341144
0.5490317245096827
0.40337782596622174
0.8931142610688574
0.9340948506590515
0.48409313515906865
0.3771166362288336
0.9078754509212454
0.3413258265867417
0.9431860905681391
0.8215102517848974
0.648312703516873
0.24795180752048193
0.5213984647860154
0.9890489701095103
0.32719594672804053
0.23515555764844442
0.8509518114904819
0.9769574202304258
0.42848736571512636
0.28189356718106434
0.6056989539430104
0.6465318435346815
0.9267227907327721
0.12981502870184972
0.41966639580333603
0.8736349912636501
0.9936503700634963
0.12400757875992421
0.7946837320531627
0.6836798531632015
0.5978670840213292
0.9836572801634272
