2.2999999770000003e-07
5.289999947100001e-06
0.0001216699987833
0.0027984099720159005
0.0643634293563657
0.48035887519641124
0.04825412951745871
0.1098449789015502
0.5264345147356548
0.1079938389200616
0.48385829516141704
0.12874078871259212
0.9610381403896185
0.10387722896122771
0.38917626610823736
0.9510541204894588
0.8742447712575523
0.10762973892370262
0.47548399524516005
0.9361318906386811
0.5310334846896652
0.21377014786229853
0.916713400832866
0.08440821915591781
0.9413890405861096
0.6519479334805207
0.9948024700519753
0.8804568111954318
0.25050665749493345
0.7616531223834688
0.5180218148197818
0.9145017408549826
0.033540039664599605
0.7714209122857909
0.7426809825731902
0.08166259918337401
0.8782397812176022
0.19951496800485033
0.5888442641115573
0.5434180745658193
0.49861571501384283
0.46816144531838555
0.7677132423228675
0.6574045734259543
0.12030518879694811
0.7670193423298066
0.6414448735855512
0.7532320924676791
0.3243381267566187
0.45977691540223087
0.5748690542513094
0.22198824778011753
0.10572969894270301
0.4317830756821692
0.9310107406898926
0.41324703586752964
0.5046818249531817
0.6076819739231802
0.976685400233146
0.46376420536235796
0.6665767233342328
0.3312646366873536
0.6190866438091336
0.2389928076100719
0.49683457503165424
0.42719522572804774
0.8254901917450981
0.9862744101372559
0.6843114331568857
0.7391629626083703
0.0007481399925186001
0.017207219827927802
0.39576605604233944
0.10261928897380711
0.3602436463975635
0.28560386714396135
0.5688889443111106
0.0844457191555428
0.9422515405774846
0.6717854332821457
0.4510649654893503
0.3744942062550579
0.6133667438663326
0.1074351089256489
0.47100750528992497
0.8331726216682738
0.16297029837029703
0.7483168625168314
0.21128783788712163
0.8596202714037973
0.7712662422873375
0.7391235726087643
0.9998421700015783
0.9963699100363009
0.9165079308349207
0.0796824092031759
0.8326954116730458
0.15199446848005532
0.49587277504127225
0.4050738259492617
0.31669799683302
0.2840539271594607
0.5332403246675967
0.2645274673547253
0.0841317491586825
0.9350302306496977
0.5056953049430469
0.6309920136900798
0.5128163148718369
0.7947752420522476
0.2798305672016943
0.43610304563896957
0.030370049696299504
0.6985111430148886
0.0657562893424371
0.5123946548760534
0.7850770621492293
0.05677242943227571
0.30576587694234125
0.0326151696738483
0.750148902498511
0.25342475746575244
0.8287694217123058
0.06169669938303301
0.41902408580975914
0.6375539736244603
0.6637413933625861
0.2660520473394795
0.11919708880802911
0.7415330425846696
0.05525997944740021
0.27097952729020475
0.23252912767470874
0.34816993651830064
0.0079085399209146
0.18189641818103583
0.18361761816382383
0.22320521776794783
0.1337200086627999
0.07556019924439801
0.7378845826211542
0.971345400286546
0.3409442065905579
0.8417167515828324
0.35948528640514715
0.26816158731838413
0.1677165083228349
0.8574796914252031
0.722032902779671
0.6067567639324324
0.9554055704459443
0.9743281202567188
0.4095467659045323
0.41957561580424385
0.6502391634976084
0.9555007604449924
0.9765174902348251
0.4599022754009772
0.5777523342224766
0.28830368711696314
0.630984803690152
0.5126504848734952
0.7909611520903885
0.192106498078935
0.41844945581550547
0.6243374837566251
0.35976212640237876
0.2745289072547109
0.3141648668583513
0.22579193774208062
0.1932145680678543
0.4439350655606493
0.2105065078949349
0.8416496815835032
0.35794267642057326
0.23268155767318444
0.35167582648324175
0.08854400911455991
0.036512209634877904
0.8397808216021918
0.314958896850411
0.24405462755945373
0.6132564338674357
0.10489797895102021
0.4126535158734648
0.49103086508969135
0.293709897062901
0.7553276324467236
0.3725355462746445
0.5683175643168243
0.07130397928696021
0.6399915236000847
0.7198050428019496
0.5555159844448402
0.7768676422313235
0.8679557713204423
0.9629827403701726
0.14860302851396973
0.4178696558213034
0.6110020838899791
0.05304792946952071
0.22010237779897623
0.06235468937645311
0.43415785565842147
0.9856306801436931
0.6695056433049436
0.398629796013702
0.1684853083151469
0.8751620912483791
0.128728098712719
0.9607462703925373
0.09716421902835781
0.23477703765222963
0.39987186600128133
0.1970529180294708
0.5322171146778288
0.24099363759006362
0.5428536645714633
0.48563428514365714
0.16958855830411443
0.9005368409946316
0.7123473428765266
0.3839888861601111
0.8317443816825562
0.1301207786987922
0.9927779100722209
0.8338919316610807
0.17951442820485572
0.12883184871168152
0.9631325203686748
0.15204796847952032
0.49710327502896723
0.43337532566624676
0.967632490323675
0.2555472774445272
0.8775873812241262
0.18450976815490233
0.24372466756275332
0.6056673539433265
0.9303491406965086
0.3980302360196976
0.1546954284530457
0.5579948544200515
0.8338816516611834
0.17927798820722013
0.12339372876606271
0.8380557616194424
0.27528251724717484
0.33149789668502105
0.6244516237554838
0.3623873463761265
0.33490896665091036
0.7029062329709377
0.1668433583315664
0.8373972416260276
0.26013655739863445
0.9831408201685918
0.6122388638776114
0.08149386918506131
0.87435899125641
0.110256798897432
0.5359063746409363
0.3258466167415338
0.4944721850552781
0.37286025627139746
0.5757858942421411
0.2430755675692443
0.5907380540926195
0.5869752441302476
0.5004306149956939
0.5099041449009586
0.7277953327220467
0.7392926526070734
0.0037310099626899004
0.0858132291418677
0.9737042702629572
0.39519821604801786
0.08955896910441032
0.059856289401437106
0.3766946562330534
0.663977093360229
0.2714731472852685
0.2438823875611761
0.6092949139070508
0.013783019862169801
0.31700945682990544
0.29121750708782496
0.6980026630199734
0.054061249459387506
0.24340873756591264
0.5984009640159904
0.7632221723677782
0.5541099644589004
0.7445291825547081
0.12417119875828801
0.8559375714406243
0.6865641431343585
0.7909752920902471
0.19243171807568282
0.42592951574070487
0.7963788620362113
0.31671382683286176
0.2844180171558198
0.5416143945838561
0.45713107542868925
0.5140147348598526
0.822338901776611
0.9137947408620526
0.017279039827209602
0.3974179160258208
0.1406120685938793
0.2340775776592242
0.38378428616215715
0.8270385817296142
0.021887379781126204
0.5034097349659027
0.578423904215761
0.30374979696250204
0.9862453301375467
0.6836425931635741
0.7237796427622035
0.6469317835306821
0.8794310212056898
0.22691348773086512
0.21901021780989782
0.037235009627649904
0.8564052214359478
0.6973200930267991
0.038362139616378604
0.8823292111767079
0.2935718570642814
0.7521527124784729
0.29951238700487615
0.888784901112151
0.4420527255794727
0.16721268832787312
0.8458918315410817
0.45551212544487873
0.4767788852322111
0.9659143603408564
0.21603028783969713
0.9686966203130338
0.28002226719977735
0.44051214559487856
0.1317793486822065
0.030925019690749803
0.7112754528872455
0.35933541640664585
0.26471457735285425
0.0884352791156472
0.03401141965988581
0.7822626521773735
0.99204100007959
0.81694300183057
0.7896890421031095
0.16284796837152032
0.7455032725449673
0.14657526853424732
0.37123117628768826
0.5383170546168294
0.38129225618707746
0.7697218923027811
0.7036035229639648
0.18288102817118973
0.20626364793736351
0.744063902559361
0.11346975886530242
0.6098044539019555
0.025502439744975604
0.5865561141344389
0.49079062509209376
0.28818437711815625
0.6282406737175933
0.44953549550464506
0.33931639660683605
0.8042771219572288
0.49837380501626194
0.4625975153740248
0.6397428536025714
0.7140856328591437
0.42396955576030443
0.7512997824870021
0.27989499720105004
0.43758493562415063
0.06445351935546481
0.4824309451756906
0.09591173904088261
0.20596999794030002
0.7373099526269005
0.9581289104187108
0.0369649396303506
0.8501936114980639
0.5544530644554694
0.7524204824757952
0.30567109694328903
0.030435229695647704
0.7000102829998972
0.10023650899763491
0.3054397069456029
0.0251132597488674
0.5776049742239503
0.2849144071508559
0.5530313644696864
0.7197213828027862
0.553591804464082
0.732611502673885
0.8500645614993544
0.5514849144851508
0.6841530331584696
0.7355197626448023
0.9169545408304546
0.08995443910045561
0.068952099310479
0.5858982841410172
0.47566053524339463
0.9401923105980768
0.6244231437557686
0.36173230638267695
0.31984304680156955
0.3563900764360992
0.1969717580302824
0.5303504346964957
0.19805999801940002
0.5553799544462005
0.7737389522626105
0.795995902040041
0.3079057469209425
0.0818321791816782
0.8821401211785987
0.2892227871077721
0.6521241034787589
0.9988543800114562
0.9736507402634926
0.39396702606032974
0.06124159938758401
0.4085567859144321
0.39680607603193924
0.12653974873460253
0.9104142208958578
0.9395270806047292
0.6091228539087714
0.0098256399017436
0.22598971774010282
0.19776350802236492
0.5485606845143931
0.6168957438310425
0.18860210811397893
0.3378484866215151
0.7705151922948481
0.7218494227815058
0.6025367239746328
0.8583446514165535
0.7419269825807302
0.064320599356794
0.47937378520626217
0.025597059744029402
0.5887323741126762
0.5408446045915539
0.43942590560574096
0.10679582893204172
0.45630406543695934
0.49499350505006495
0.38485061615149385
0.8515641714843583
0.5859759441402406
0.47744671522553284
0.9812744501872555
0.5693123543068764
0.09418414905815851
0.1662354283376457
0.8234148517658515
0.9385415906145841
0.5864565841354341
0.48850143511498567
0.23553300764466992
0.41725917582740824
0.5969610440303895
0.7301040126989599
0.7923922920760771
0.2250227177497728
0.17552250824477492
0.0370176896298231
0.8514068614859314
0.5823578141764219
0.39422972605770273
0.06728369932716301
0.5475250845247491
0.5930769440692305
0.6407697135923028
0.7377034126229659
0.9671784903282151
0.24510527754894723
0.6374213836257862
0.6606918233930817
0.1959119380408806
0.5059745749402542
0.6374152236258478
0.6605501433944986
0.192653298073467
0.43102585568974144
0.9135946808640532
0.0126776598732234
0.29158617708413825
0.7064820729351793
0.24908767750912322
0.7290165827098342
0.767381402326186
0.6497722535022775
0.9447618305523817
0.729522102704779
0.7790083622099164
0.9171923308280767
0.09542360904576391
0.19474300805256992
0.47908918520910815
0.0190512598094874
0.43817897561821023
0.07811643921883561
0.796678102033219
0.32359634676403654
0.44271597557284026
0.18246743817532562
0.19675107803248923
0.525274794747252
0.08132027918679721
0.8703664212963358
0.0184276898157231
0.4238368657616313
0.7482479125175209
0.2097019879029801
0.8231457217685428
0.932351600676484
0.4440868155591318
0.21399675786003242
0.9219254307807457
0.20428490795715093
0.6985528830144712
0.06671630933283691
0.5344751146552489
0.2929276370707236
0.7373356526266435
0.9587200104127999
0.050560239494397606
0.1628855083711449
0.746366692536333
0.16643392833566073
0.8279803517201965
0.0435480895645191
0.0016060599839394002
0.0369393796306062
0.8496057315039427
0.5409318245906818
0.4414319655856803
0.15293520847064793
0.517509794824902
0.9027252809727472
0.7626814623731853
0.5416736345832637
0.45849359541506407
0.5453526945464731
0.5431119745688803
0.49157541508424585
0.3062345469376545
0.043394579566054206
0.9980753300192468
0.9557325904426741
0.9818495801815041
0.5825403441745965
0.39842791601572086
0.16384206836157933
0.7683675723163242
0.6724541632754584
0.46644575533554244
0.7282523727174762
0.7498045725019543
0.24550516754494833
0.6466188535338114
0.8722336312776637
0.061373519386264806
0.41159094588409056
0.4665917553340824
0.7316103726838963
0.8270385717296143
0.021887149781128504
0.5034044449659556
0.5783022342169777
0.3009513869904861
0.921881900781181
0.20328371796716282
0.6755255132447449
0.5370868046291319
0.35299650647003494
0.11891964881080351
0.7351519226484807
0.9084942209150578
0.8953670810463292
0.5934428640655713
0.6491858735081413
0.9312750906872491
0.4193270858067291
0.6445229735547703
0.8240283917597161
0.9526530104734698
0.9110192408898076
0.9534425404655746
0.9291784307082157
0.37110390628896095
0.5353898446461015
0.3139664268603357
0.22122781778772183
0.0882398091176019
0.029515609704843904
0.6788590232114098
0.6137575338624247
0.11642327883576721
0.6777354132226459
0.587914504120855
0.522033594779664
0.006772679932273201
0.15577163844228362
0.5827476841725232
0.4031967359680326
0.27352492726475075
0.29107332708926675
0.6946865230531347
0.9777900302220996
0.48917069510829303
0.25092598749074013
0.7712977122870229
0.7398473826015262
0.016489799835102
0.37926539620734606
0.7231041127689589
0.6313945936860541
0.5220756547792434
0.007740059922599401
0.17802137821978622
0.094491699055083
0.17330907826690922
0.986108800138912
0.680502403194976
0.6515552734844473
0.9857712901422871
0.6727396732726033
0.47301248526987516
0.8792871612071284
0.22360470776395291
0.1429082785709172
0.2868904071310959
0.5984793640152064
0.7650253723497463
0.5955835640441643
0.6984219730157802
0.06370537936294621
0.46522372534776274
0.7001456829985432
0.10335070896649291
0.37706630622933696
0.6725250432747496
0.46807599531924005
0.765747892342521
0.6122015238779848
0.08063504919364951
0.8546061314539387
0.6559410234405898
0.08664353913356461
0.992801400071986
0.834432201655678
0.1919406380805936
0.41463467585365327
0.5365975446340245
0.34174352658256474
0.8601011113989889
0.7823255621767444
0.9934879300651207
0.8502223914977761
0.55511500444885
0.767645102323549
0.6558373534416264
0.08425912915740871
0.9379599706204003
0.5730793242692067
0.1808244581917554
0.1589625384103746
0.6561383834386162
0.09118281908817182
0.09720483902795161
0.23571129764288704
0.42135984578640157
0.6912764530872355
0.8993584210064158
0.6852436831475631
0.7606047123939529
0.49390838506091617
0.35989285640107144
0.27753569722464305
0.38332103616678964
0.8163838318361617
0.7768281322317186
0.8670470413295296
0.9420819505791805
0.6678848633211514
0.36135185638648143
0.31109269688907304
0.1551320284486797
0.5680366543196335
0.06484304935156951
0.49139013508609863
0.3019731069802689
0.9453814605461854
0.743773592562264
0.10679262893207371
0.45623046543769535
0.493300705066993
0.3459162165408378
0.9560729804392702
0.9896785501032145
0.7626066523739334
0.5399530046004699
0.41891910581080893
0.6351394336486057
0.6082069739179302
0.988760400112396
0.741489202585108
0.054251659457483406
0.24778816752211832
0.6991278530087215
0.07994061920059381
0.8386342416136576
0.2885875571141244
0.6375138136248618
0.6628177133718228
0.24480740755192593
0.6305703736942962
0.5031185949688141
0.5717276842827231
0.1497367385026326
0.4439449855605501
0.21073466789265333
0.8468973615310263
0.47863931521360686
0.0087042499129575
0.2001977479980225
0.6045482039545179
0.904608690953913
0.8059998919400011
0.5379975146200249
0.3739428362605716
0.6006852339931477
0.8157603818423962
0.7624887823751122
0.53724199462758
0.35656587643434123
0.20101515798984843
0.6233486337665136
0.3370185766298142
0.7514272624857273
0.28282703717172963
0.5050218549497815
0.6155026638449733
0.1565612684343873
0.6009091739909083
0.8209110017908899
0.8809530411904696
0.26191994738080054
0.024158789758412104
0.5556521644434783
0.7799997822000022
0.9399949906000501
0.6198847838011522
0.2573500274264997
0.9190506308094937
0.13816450861835491
0.17778369822216303
0.08902505910974941
0.0475763595242364
0.09425626905743731
0.16789418832105812
0.8615663313843367
0.8160256218397438
0.7685893023141069
0.6775539532244604
0.5837409241625907
0.42604125573958745
0.7989488820105112
0.3758242862417571
0.6439585835604141
0.8110474218895258
0.6540907034590929
0.044086179559138204
0.013982129860178702
0.32158898678411013
0.396546696034533
0.12057400879425992
0.773202202267978
0.7836506521634935
0.023964999760350002
0.5511949944880501
0.6774848732251513
0.5821520841784792
0.38949793610502065
0.9584525304154747
0.044408199555918
0.0213885897861141
0.49193756508062436
0.31456399685436004
0.23497192765028072
0.40435433595645665
0.30014972699850273
0.9034437209655628
0.7792055822079442
0.9217283907827161
0.19975298800247013
0.5943187240568127
0.6693306533066935
0.39460502605394976
0.07591559924084401
0.7460587825394122
0.15935199840648
0.6650959633490404
0.29720715702792844
0.8357646116423539
0.22258606777413933
0.11947955880520442
0.7480298525197014
0.20468660795313393
0.7077919829220801
0.27921560720784394
0.42195896578041037
0.7050562129494379
0.21629289783707104
0.9747366502526335
0.41894295581057045
0.6356879836431202
0.6208236237917638
0.2789433472105665
0.41569698584303016
0.5610306743896932
0.9037055109629449
0.7852267521477325
0.060215299397847005
0.38495188615048115
0.8538933814610662
0.6395477736045223
0.7095987929040121
0.3207722367922776
0.37776144622238556
0.6885132631148674
0.8358050516419495
0.22351618776483811
0.1408723185912768
0.24006332759936672
0.5214565347854346
0.993500300064997
0.850506901494931
0.5616587343834126
0.9181508908184911
0.11747048882529511
0.7018212429817876
0.1418885885811141
0.26343753736562464
0.059063359409366405
0.35845726641542736
0.2445171275548287
0.6238939337610606
0.34956047650439526
0.0398909596010904
0.9174920708250793
0.10231762897682371
0.35330546646694533
0.12602572873974272
0.8985917610140823
0.6676105033238949
0.35504157644958423
0.16595625834043742
0.8169939418300606
0.7908606620913934
0.18979522810204771
0.36529024634709756
0.40167566598324334
0.23854031761459682
0.48642730513572696
0.18782801812171981
0.3200444167995558
0.36102158638978415
0.3034964869650351
0.980419200195808
0.5496416045035839
0.641756903582431
0.7604087823959121
0.48940199510598004
0.2562458874375411
0.8936554110634459
0.5540744544592554
0.7437124525628754
0.1053864089461359
0.42388740576112593
0.7494103325058967
0.23643764763562353
0.43806589561934106
0.07551559924484401
0.7368587826314121
0.94775200052248
0.7982960120170399
0.36080827639191726
0.2985903570140964
0.8675782113242179
0.9542988604570114
0.9488737905112621
0.8240971817590281
0.9542351804576482
0.9474091505259085
0.7904104620958954
0.17944062820559373
0.1271344487286555
0.9240923207590768
0.25412337745876623
0.8448376815516232
0.43126667568733323
0.9191335408086646
0.1400714385992856
0.22164308778356911
0.09779101902208981
0.24919343750806563
0.7314490626855094
0.8233284417667156
0.9365541606344584
0.5407456945925431
0.43715097562849026
0.054472439455275606
0.2528661074713389
0.8159204718407953
0.7661708523382915
0.6219296037807039
0.30438088695619114
0.000760399992396
0.017489199825108003
0.40225159597748406
0.25178670748213294
0.7910942720890572
0.19516825804831742
0.48886993511130067
0.24400850755991493
0.6121956738780433
0.08050049919499501
0.8515114814848852
0.5847640741523592
0.44957370550426295
0.34019522659804774
0.8244902117550978
0.9632748703672513
0.1553220184467798
0.5724064242759358
0.1653477583465224
0.8029984419700156
0.46896416531035834
0.786175802138242
0.0820434491795655
0.8869993311300067
0.40098461599015384
0.22264616777353832
0.12086185879138141
0.7798227522017724
0.935923300640767
0.5262359147376409
0.10342603896573961
0.378798896212011
0.7123746128762539
0.384616096153839
0.8461702115382979
0.46191486538085136
0.6240419037595809
0.35296378647036214
0.11816708881832912
0.7178430428215695
0.5103899848961001
0.7389696526103035
0.9963020100369799
0.9149462308505377
0.0437633095623669
0.006556119934438801
0.15079075849209242
0.46818744531812556
0.7683112423168875
0.6711585732884142
0.43664718563352817
0.04288526957114731
0.986361200136388
0.686307603136924
0.7850748721492513
0.05672205943277941
0.3046073669539263
0.005969439940305601
0.1372971186270288
0.1578337284216627
0.6301757536982424
0.4940423350595767
0.36297370637026294
0.34839524651604753
0.013090669869093302
