0.07856599921434
0.30709337692906624
0.5708520642914794
0.046875799531242004
0.5953377140466228
0.34201211657987884
0.8181879118181209
0.9163224508367754
0.15394621846053783
0.9943832100561679
0.29536465704635345
0.8562446714375533
0.6936206330637936
0.3446982765530172
0.48445154515548455
0.28548133714518664
0.3132872068671279
0.8977658110223419
0.4960082850399172
0.6455264535447355
0.41058679589413205
0.9195426408045736
0.35769826642301733
0.1750552682494473
0.39072633609273666
0.9216362107836379
0.3666961563330384
0.7317767226822328
0.14471341855286582
0.46119105538808947
0.8095110319048897
0.6173362538266375
0.7399291526007085
0.1921417080785829
0.44598607554013925
0.862167491378325
0.43377048566229515
0.9838498701615013
0.17308376826916233
0.021365659786343402
0.6278628337213716
0.2687419373125806
0.08977716910222831
0.42403697575963023
0.3216219167837808
0.1577165784228342
0.2728502272714977
0.6616571933834281
0.7329353226706468
0.3609074863909251
0.911215600887844
0.9367100606328994
0.8493177115068229
0.2927635470723645
0.615167303848327
0.1465590885344091
0.9392502706074973
0.5545118244548818
0.17270255827297443
0.8204916217950838
0.2712482072875179
0.749611692503883
0.1271790687282093
0.20087651799123482
0.1981206780187932
0.45723053542769465
0.6819907531800925
0.6565366434346336
0.855937201440628
0.34108535658914646
0.7093051829069482
0.30427385695726145
0.4526234554737654
0.8278070917219291
0.34853484651465155
0.7987795620122043
0.015243399847566001
0.05506507944934921
0.7518623724813763
0.48632269513677306
0.07148371928516281
0.22124575778754244
0.6311085636889143
0.2097790079022099
0.9544076104559239
0.28249912717500875
0.0950415490495845
0.25170394748296054
0.23940113760598863
0.6175393338246067
0.8395340516046594
0.7057697129423028
0.32248273677517264
0.09921031900789681
0.14933641850663582
0.6433039835669602
0.10705454892945451
0.04972009950279901
0.19794309802056903
0.016085529839144703
